0 0.321178 0.361458 0.084151 0.127083
0 0.373072 0.217188 0.173913 0.063542
0 0.133240 0.791667 0.084151 0.062500
0 0.325386 0.861458 0.173913 0.062500
0 0.185835 0.538542 0.175316 0.064583
0 0.249649 0.460417 0.171108 0.062500
0 0.426367 0.606771 0.084151 0.130208
0 0.596073 0.534896 0.084151 0.063542
0 0.673212 0.833333 0.084151 0.129167
0 0.875877 0.855208 0.085554 0.129167
0 0.419355 0.773958 0.084151 0.062500
0 0.688640 0.506250 0.084151 0.129167
0 0.831697 0.421875 0.084151 0.129167
0 0.757363 0.148958 0.084151 0.062500
0 0.532258 0.318750 0.085554 0.129167