0 0.425666 0.381250 0.166900 0.127083
0 0.348527 0.154688 0.085554 0.130208
0 0.585554 0.364583 0.085554 0.129167
0 0.376578 0.538542 0.085554 0.129167
0 0.422861 0.708333 0.085554 0.131250
0 0.154278 0.268229 0.084151 0.063542
0 0.240533 0.706250 0.175316 0.064583
0 0.706872 0.751042 0.173913 0.062500
0 0.517532 0.615104 0.084151 0.063542
0 0.471950 0.844271 0.082749 0.126042
0 0.783310 0.541667 0.172511 0.129167
0 0.770687 0.357812 0.085554 0.130208
0 0.462132 0.203125 0.082749 0.062500
0 0.246844 0.566667 0.084151 0.131250