0 0.509116 0.493229 0.173913 0.063542
0 0.423562 0.590625 0.084151 0.062500
0 0.268583 0.540625 0.175316 0.064583
0 0.204067 0.392188 0.085554 0.130208
0 0.339411 0.779687 0.084151 0.063542
0 0.837307 0.204167 0.173913 0.062500
0 0.798036 0.508854 0.084151 0.063542
0 0.812763 0.794792 0.175316 0.064583
0 0.856942 0.306250 0.084151 0.129167
0 0.145863 0.205208 0.084151 0.064583
0 0.279804 0.892188 0.175316 0.065625
0 0.518233 0.194792 0.085554 0.131250
0 0.192146 0.640625 0.173913 0.064583
0 0.719495 0.617188 0.173913 0.063542
0 0.603787 0.833854 0.082749 0.128125