0 0.607994 0.252604 0.079944 0.059375
0 0.190743 0.245833 0.084151 0.062500
0 0.345722 0.677083 0.172511 0.129167
0 0.842216 0.426042 0.085554 0.129167
0 0.420757 0.865625 0.084151 0.062500
0 0.388499 0.541667 0.084151 0.062500
0 0.180926 0.915625 0.075736 0.056250
0 0.442496 0.456250 0.175316 0.062500
0 0.767181 0.631250 0.173913 0.062500
0 0.319074 0.323437 0.172511 0.065625
0 0.664095 0.800000 0.175316 0.064583
0 0.889201 0.727083 0.084151 0.064583
0 0.727910 0.877083 0.173913 0.064583
0 0.187237 0.614583 0.085554 0.129167
0 0.786115 0.178125 0.085554 0.131250