0 0.847125 0.706771 0.173913 0.063542
0 0.683029 0.397396 0.081346 0.061458
0 0.685835 0.576042 0.084151 0.062500
0 0.471248 0.859375 0.084151 0.131250
0 0.488780 0.463542 0.082749 0.060417
0 0.783310 0.608333 0.085554 0.064583
0 0.349229 0.582292 0.084151 0.064583
0 0.901823 0.514583 0.086957 0.131250
0 0.451613 0.283854 0.084151 0.130208
0 0.700561 0.282813 0.175316 0.063542
0 0.360449 0.488542 0.084151 0.062500
0 0.748247 0.118750 0.259467 0.062500
0 0.337307 0.142187 0.085554 0.063542
0 0.504909 0.534896 0.173913 0.063542