0 0.624123 0.458333 0.084151 0.062500
0 0.251753 0.523958 0.082749 0.129167
0 0.228612 0.319271 0.084151 0.130208
0 0.323983 0.795312 0.084151 0.128125
0 0.556802 0.845833 0.075736 0.116667
0 0.695652 0.256771 0.084151 0.063542
0 0.253857 0.939583 0.173913 0.062500
0 0.413043 0.806771 0.085554 0.130208
0 0.840112 0.146875 0.084151 0.129167
0 0.531557 0.684375 0.084151 0.129167
0 0.825386 0.274479 0.175316 0.063542
0 0.394811 0.377083 0.175316 0.062500
0 0.774194 0.558333 0.084151 0.062500
0 0.788920 0.833333 0.085554 0.129167