0 0.360449 0.608333 0.084151 0.062500
0 0.824684 0.239063 0.173913 0.063542
0 0.154278 0.929167 0.084151 0.062500
0 0.467742 0.817187 0.085554 0.128125
0 0.827489 0.506250 0.084151 0.062500
0 0.333100 0.684896 0.175316 0.063542
0 0.862553 0.814583 0.086957 0.129167
0 0.338008 0.213542 0.084151 0.062500
0 0.661992 0.654167 0.084151 0.064583
0 0.246143 0.386979 0.175316 0.063542
0 0.544881 0.948438 0.172511 0.061458
0 0.575736 0.560937 0.085554 0.130208
0 0.158485 0.164062 0.084151 0.063542
0 0.534362 0.365104 0.081346 0.061458