0 0.681627 0.287500 0.084151 0.129167
0 0.622721 0.439583 0.173913 0.062500
0 0.245442 0.693750 0.081346 0.129167
0 0.834502 0.589583 0.084151 0.062500
0 0.511921 0.201042 0.084151 0.129167
0 0.407433 0.423958 0.085554 0.129167
0 0.135344 0.479687 0.085554 0.130208
0 0.430575 0.758854 0.173913 0.063542
0 0.823983 0.696354 0.085554 0.063542
0 0.279102 0.932292 0.173913 0.062500
0 0.607994 0.669792 0.172511 0.064583
0 0.302945 0.445312 0.084151 0.130208
0 0.477560 0.876042 0.172511 0.127083
0 0.504208 0.314583 0.082749 0.062500