0 0.409537 0.330208 0.086957 0.131250
0 0.286816 0.911979 0.085554 0.130208
0 0.569425 0.899479 0.084151 0.130208
0 0.741234 0.398438 0.085554 0.130208
0 0.596774 0.309896 0.175316 0.063542
0 0.707574 0.810937 0.085554 0.063542
0 0.642356 0.198958 0.084151 0.062500
0 0.676017 0.600000 0.084151 0.062500
0 0.894811 0.485417 0.084151 0.129167
0 0.153576 0.866146 0.085554 0.130208
0 0.230014 0.206250 0.173913 0.062500
0 0.341515 0.534896 0.175316 0.063542
0 0.192847 0.348438 0.085554 0.130208
0 0.801543 0.569792 0.085554 0.129167
0 0.898317 0.208333 0.085554 0.131250