0 0.796634 0.612500 0.084151 0.129167
0 0.347125 0.247396 0.079944 0.061458
0 0.683029 0.543750 0.084151 0.062500
0 0.166199 0.279167 0.085554 0.131250
0 0.741234 0.434375 0.175316 0.062500
0 0.678121 0.804688 0.085554 0.130208
0 0.281206 0.555208 0.172511 0.127083
0 0.654979 0.145313 0.084151 0.130208
0 0.485273 0.939063 0.171108 0.059375
0 0.824684 0.280729 0.173913 0.063542
0 0.346424 0.729167 0.084151 0.062500
0 0.394109 0.327604 0.084151 0.061458
0 0.267181 0.113542 0.085554 0.062500
0 0.692847 0.299479 0.084151 0.130208