0 0.225806 0.331250 0.084151 0.129167
0 0.495792 0.657813 0.085554 0.130208
0 0.783310 0.717187 0.085554 0.130208
0 0.733520 0.308854 0.084151 0.063542
0 0.366059 0.152604 0.173913 0.065625
0 0.284712 0.604688 0.084151 0.063542
0 0.757363 0.542708 0.084151 0.129167
0 0.400421 0.225521 0.175316 0.065625
0 0.331697 0.322917 0.085554 0.129167
0 0.301543 0.511979 0.075736 0.121875
0 0.206171 0.173958 0.081346 0.129167
0 0.284712 0.714583 0.084151 0.129167
0 0.899018 0.382292 0.084151 0.062500
0 0.186536 0.834896 0.084151 0.130208