0 0.751753 0.671875 0.081346 0.129167
0 0.882889 0.286979 0.085554 0.063542
0 0.858345 0.490625 0.081346 0.060417
0 0.194250 0.358854 0.085554 0.130208
0 0.272791 0.618229 0.085554 0.130208
0 0.396914 0.332292 0.084151 0.062500
0 0.589060 0.173958 0.084151 0.062500
0 0.422160 0.625000 0.084151 0.062500
0 0.422861 0.702604 0.077139 0.057292
0 0.185835 0.145313 0.175316 0.063542
0 0.678121 0.349479 0.085554 0.130208
0 0.295933 0.405208 0.081346 0.060417
0 0.344320 0.512500 0.259467 0.062500
0 0.274895 0.768229 0.171108 0.128125
0 0.575035 0.314583 0.084151 0.062500