0 0.192847 0.870313 0.175316 0.130208
0 0.427069 0.542188 0.085554 0.130208
0 0.582048 0.809375 0.173913 0.064583
0 0.353436 0.813542 0.084151 0.129167
0 0.413745 0.290625 0.084151 0.129167
0 0.470547 0.434896 0.175316 0.063542
0 0.802945 0.358854 0.085554 0.063542
0 0.798036 0.884896 0.173913 0.063542
0 0.317672 0.649479 0.085554 0.130208
0 0.269285 0.199479 0.084151 0.130208
0 0.141655 0.187500 0.084151 0.131250
0 0.605891 0.226562 0.084151 0.130208
0 0.224404 0.517188 0.084151 0.130208
0 0.591865 0.571875 0.171108 0.060417