0 0.335203 0.336979 0.084151 0.063542
0 0.248948 0.890104 0.085554 0.063542
0 0.464236 0.398438 0.173913 0.063542
0 0.812062 0.752604 0.173913 0.063542
0 0.396213 0.909375 0.085554 0.131250
0 0.643058 0.417708 0.164095 0.062500
0 0.601683 0.888021 0.084151 0.130208
0 0.877279 0.647396 0.085554 0.061458
0 0.512623 0.268229 0.082749 0.126042
0 0.409537 0.547396 0.173913 0.063542
0 0.338008 0.714583 0.084151 0.062500
0 0.180224 0.541146 0.085554 0.130208
0 0.198457 0.341667 0.082749 0.131250
0 0.392006 0.145313 0.085554 0.130208