0 0.685835 0.473958 0.084151 0.131250
0 0.657784 0.338021 0.081346 0.121875
0 0.189341 0.169271 0.084151 0.130208
0 0.780505 0.330208 0.085554 0.129167
0 0.177419 0.706250 0.175316 0.064583
0 0.639551 0.115104 0.084151 0.063542
0 0.664797 0.788542 0.084151 0.062500
0 0.140252 0.432292 0.084151 0.062500
0 0.795231 0.187500 0.084151 0.062500
0 0.323282 0.198958 0.085554 0.062500
0 0.879383 0.728646 0.086957 0.130208
0 0.600982 0.242188 0.175316 0.063542
0 0.515428 0.624479 0.175316 0.063542
0 0.176718 0.810937 0.084151 0.130208