0 0.674614 0.496875 0.173913 0.062500
0 0.866059 0.933333 0.085554 0.064583
0 0.622020 0.270833 0.085554 0.129167
0 0.851332 0.465625 0.173913 0.062500
0 0.504909 0.685417 0.084151 0.062500
0 0.407433 0.618750 0.085554 0.064583
0 0.377279 0.382292 0.173913 0.064583
0 0.248948 0.576562 0.082749 0.063542
0 0.834502 0.813021 0.173913 0.063542
0 0.251753 0.807813 0.085554 0.063542
0 0.293829 0.121875 0.085554 0.064583
0 0.309958 0.906771 0.075736 0.057292
0 0.237728 0.285938 0.085554 0.063542
0 0.664797 0.165104 0.081346 0.061458