0 0.176017 0.822917 0.169705 0.062500
0 0.550491 0.388021 0.175316 0.063542
0 0.589060 0.944271 0.173913 0.063542
0 0.779804 0.297917 0.173913 0.064583
0 0.837307 0.680729 0.084151 0.063542
0 0.471950 0.159896 0.085554 0.063542
0 0.887798 0.408333 0.084151 0.062500
0 0.422160 0.241667 0.173913 0.062500
0 0.711080 0.726562 0.084151 0.063542
0 0.513324 0.745313 0.260870 0.126042
0 0.308555 0.851042 0.084151 0.064583
0 0.734222 0.369271 0.085554 0.063542
0 0.844320 0.131771 0.084151 0.130208
0 0.294530 0.562500 0.084151 0.129167
0 0.599579 0.300521 0.175316 0.063542