0 0.417952 0.472917 0.168303 0.129167
0 0.160589 0.630208 0.085554 0.064583
0 0.858345 0.786458 0.084151 0.129167
0 0.610098 0.315625 0.173913 0.062500
0 0.241234 0.770833 0.084151 0.129167
0 0.636746 0.561979 0.084151 0.130208
0 0.675316 0.736458 0.085554 0.062500
0 0.802945 0.121875 0.082749 0.062500
0 0.479663 0.784375 0.084151 0.062500
0 0.500000 0.857292 0.175316 0.062500
0 0.455119 0.706771 0.175316 0.063542
0 0.677419 0.117708 0.084151 0.062500
0 0.835203 0.561458 0.085554 0.062500
0 0.524544 0.192188 0.263675 0.063542