0 0.147265 0.412500 0.084151 0.062500
0 0.478261 0.117708 0.081346 0.060417
0 0.824684 0.598437 0.086957 0.130208
0 0.725105 0.689583 0.084151 0.062500
0 0.404628 0.536458 0.082749 0.062500
0 0.392707 0.647396 0.075736 0.057292
0 0.704769 0.799479 0.085554 0.130208
0 0.587658 0.509375 0.173913 0.062500
0 0.505610 0.850000 0.085554 0.062500
0 0.652875 0.410417 0.085554 0.129167
0 0.434081 0.346354 0.169705 0.061458
0 0.589060 0.672917 0.084151 0.062500
0 0.860449 0.835417 0.169705 0.062500
0 0.352735 0.944792 0.175316 0.062500
0 0.903226 0.713542 0.084151 0.062500