0 0.343619 0.880208 0.084151 0.129167
0 0.284011 0.135937 0.169705 0.063542
0 0.596774 0.222917 0.175316 0.064583
0 0.342216 0.211979 0.084151 0.063542
0 0.775596 0.231250 0.086957 0.062500
0 0.224404 0.397917 0.168303 0.062500
0 0.607293 0.864062 0.084151 0.130208
0 0.471950 0.895312 0.082749 0.128125
0 0.821879 0.560417 0.084151 0.062500
0 0.430575 0.634375 0.084151 0.129167
0 0.645161 0.132292 0.173913 0.062500
0 0.691445 0.301042 0.084151 0.062500
0 0.778401 0.366146 0.173913 0.063542
0 0.701964 0.887500 0.085554 0.131250
0 0.594670 0.609896 0.084151 0.130208