0 0.615708 0.380208 0.081346 0.125000
0 0.817672 0.700521 0.084151 0.130208
0 0.440393 0.167708 0.084151 0.062500
0 0.568022 0.497396 0.173913 0.063542
0 0.611501 0.261979 0.173913 0.063542
0 0.539972 0.716667 0.173913 0.062500
0 0.819074 0.280208 0.084151 0.062500
0 0.861150 0.391146 0.084151 0.063542
0 0.412342 0.428646 0.173913 0.063542
0 0.206872 0.831250 0.085554 0.129167
0 0.267882 0.679167 0.084151 0.131250
0 0.328191 0.276562 0.084151 0.063542
0 0.132539 0.154688 0.085554 0.063542
0 0.217391 0.365625 0.173913 0.062500