0 0.598878 0.910937 0.173913 0.063542
0 0.645161 0.677604 0.084151 0.063542
0 0.341515 0.559896 0.085554 0.063542
0 0.507714 0.193229 0.075736 0.057292
0 0.449509 0.707812 0.175316 0.063542
0 0.673212 0.496875 0.084151 0.129167
0 0.227910 0.327604 0.175316 0.063542
0 0.152174 0.729688 0.085554 0.130208
0 0.821178 0.550000 0.082749 0.060417
0 0.772090 0.828646 0.175316 0.063542
0 0.807854 0.252083 0.173913 0.062500
0 0.404628 0.923958 0.082749 0.060417
0 0.563114 0.256771 0.172511 0.065625
0 0.187938 0.128125 0.084151 0.062500
0 0.451613 0.097917 0.084151 0.062500