0 0.234222 0.654687 0.084151 0.063542
0 0.380785 0.207813 0.085554 0.130208
0 0.329593 0.480208 0.084151 0.131250
0 0.701964 0.584375 0.085554 0.064583
0 0.898317 0.921354 0.085554 0.063542
0 0.514727 0.381250 0.084151 0.131250
0 0.483871 0.761458 0.173913 0.062500
0 0.152875 0.298958 0.084151 0.129167
0 0.786115 0.450000 0.175316 0.064583
0 0.175316 0.739583 0.078541 0.058333
0 0.907433 0.591146 0.081346 0.128125
0 0.490182 0.637500 0.085554 0.062500
0 0.807854 0.742188 0.173913 0.061458
0 0.614306 0.881250 0.084151 0.062500
0 0.180926 0.871875 0.084151 0.131250