0 0.737728 0.509375 0.173913 0.062500
0 0.483871 0.140625 0.084151 0.062500
0 0.357644 0.446875 0.173913 0.062500
0 0.685835 0.780208 0.086957 0.131250
0 0.849930 0.276042 0.078541 0.112500
0 0.366059 0.763021 0.173913 0.063542
0 0.147966 0.134896 0.085554 0.063542
0 0.706171 0.208333 0.172511 0.064583
0 0.490182 0.634896 0.172511 0.128125
0 0.535063 0.400521 0.169705 0.059375
0 0.868163 0.167708 0.084151 0.062500
0 0.206872 0.696875 0.085554 0.129167
0 0.283310 0.112500 0.084151 0.062500
0 0.307153 0.286979 0.084151 0.130208
0 0.901122 0.583854 0.085554 0.063542