0 0.816971 0.833333 0.175316 0.062500
0 0.451613 0.452604 0.084151 0.063542
0 0.672511 0.507812 0.085554 0.130208
0 0.251753 0.927083 0.175316 0.062500
0 0.791024 0.716146 0.084151 0.063542
0 0.702665 0.324479 0.086957 0.130208
0 0.547686 0.777604 0.079944 0.059375
0 0.194951 0.776042 0.084151 0.131250
0 0.838008 0.577604 0.169705 0.126042
0 0.377279 0.746875 0.173913 0.062500
0 0.488079 0.897917 0.086957 0.129167
0 0.482468 0.123958 0.173913 0.062500
0 0.366059 0.579688 0.173913 0.063542
0 0.864656 0.429688 0.085554 0.063542