0 0.589060 0.692708 0.173913 0.062500
0 0.398317 0.502083 0.084151 0.062500
0 0.185835 0.419271 0.175316 0.063542
0 0.242637 0.686458 0.084151 0.062500
0 0.788920 0.103125 0.175316 0.064583
0 0.439691 0.245312 0.175316 0.063542
0 0.233520 0.932292 0.082749 0.062500
0 0.411641 0.639583 0.166900 0.060417
0 0.502805 0.406771 0.175316 0.063542
0 0.556802 0.541146 0.086957 0.130208
0 0.395512 0.932292 0.084151 0.062500
0 0.236325 0.197917 0.082749 0.060417
0 0.608696 0.815104 0.263675 0.063542
0 0.641655 0.176563 0.265077 0.063542