0 0.197756 0.706771 0.173913 0.063542
0 0.184432 0.814063 0.079944 0.126042
0 0.734923 0.819271 0.084151 0.063542
0 0.196353 0.476042 0.084151 0.062500
0 0.481767 0.135937 0.085554 0.130208
0 0.906031 0.689583 0.084151 0.062500
0 0.723703 0.674479 0.084151 0.130208
0 0.356241 0.355729 0.173913 0.063542
0 0.185133 0.259375 0.173913 0.064583
0 0.811360 0.255208 0.175316 0.131250
0 0.693548 0.569792 0.082749 0.062500
0 0.333100 0.943750 0.175316 0.062500
0 0.139551 0.397917 0.085554 0.064583
0 0.610799 0.902083 0.085554 0.064583
0 0.776297 0.442188 0.082749 0.063542