0 0.188640 0.298958 0.085554 0.129167
0 0.891304 0.328646 0.082749 0.061458
0 0.299439 0.932813 0.079944 0.059375
0 0.563815 0.391667 0.173913 0.064583
0 0.226508 0.757812 0.085554 0.063542
0 0.683029 0.513021 0.078541 0.059375
0 0.361851 0.290625 0.081346 0.129167
0 0.300140 0.543750 0.084151 0.062500
0 0.828892 0.144792 0.084151 0.129167
0 0.694250 0.621354 0.084151 0.130208
0 0.188640 0.539583 0.085554 0.131250
0 0.342216 0.844271 0.173913 0.063542
0 0.542777 0.517188 0.173913 0.063542
0 0.213885 0.419792 0.079944 0.062500
0 0.733520 0.910417 0.173913 0.062500