0 0.773492 0.364063 0.169705 0.061458
0 0.792426 0.559896 0.084151 0.063542
0 0.176718 0.215104 0.173913 0.063542
0 0.194951 0.722396 0.086957 0.130208
0 0.868864 0.260417 0.085554 0.129167
0 0.201964 0.318229 0.173913 0.063542
0 0.168303 0.882292 0.084151 0.062500
0 0.722300 0.720833 0.084151 0.129167
0 0.498597 0.522917 0.175316 0.064583
0 0.525947 0.910417 0.084151 0.062500
0 0.525947 0.269271 0.173913 0.063542
0 0.478962 0.647917 0.175316 0.064583
0 0.269986 0.906250 0.085554 0.131250
0 0.284712 0.495312 0.084151 0.130208