0 0.906031 0.313542 0.084151 0.062500
0 0.589060 0.689583 0.084151 0.062500
0 0.849930 0.426042 0.173913 0.064583
0 0.513324 0.575000 0.084151 0.129167
0 0.306452 0.618229 0.085554 0.063542
0 0.695652 0.784375 0.173913 0.062500
0 0.507714 0.883333 0.173913 0.064583
0 0.362553 0.516667 0.085554 0.064583
0 0.381487 0.358854 0.171108 0.059375
0 0.156381 0.703646 0.079944 0.059375
0 0.607994 0.375521 0.085554 0.063542
0 0.491585 0.744271 0.079944 0.126042
0 0.846424 0.781771 0.085554 0.130208
0 0.297335 0.288542 0.084151 0.062500
0 0.816269 0.573438 0.173913 0.063542