0 0.274194 0.679688 0.085554 0.130208
0 0.589060 0.373958 0.171108 0.062500
0 0.410238 0.494271 0.175316 0.063542
0 0.604488 0.156250 0.173913 0.062500
0 0.676017 0.614583 0.086957 0.062500
0 0.140954 0.182292 0.085554 0.129167
0 0.645161 0.791146 0.173913 0.063542
0 0.755259 0.241667 0.175316 0.062500
0 0.196353 0.442708 0.081346 0.129167
0 0.835905 0.497917 0.173913 0.062500
0 0.444600 0.824479 0.173913 0.063542
0 0.523142 0.933333 0.084151 0.060417
0 0.755961 0.376042 0.084151 0.062500
0 0.361851 0.111458 0.084151 0.062500