0 0.410940 0.878125 0.084151 0.131250
0 0.144460 0.847917 0.084151 0.129167
0 0.312062 0.800000 0.085554 0.131250
0 0.148668 0.266146 0.084151 0.130208
0 0.426367 0.181250 0.081346 0.125000
0 0.528752 0.892188 0.086957 0.130208
0 0.343619 0.397396 0.084151 0.196875
0 0.760168 0.661458 0.084151 0.131250
0 0.645161 0.233333 0.084151 0.064583
0 0.690743 0.304167 0.175316 0.064583
0 0.474755 0.454167 0.175316 0.062500
0 0.811360 0.147917 0.175316 0.064583
0 0.340813 0.566146 0.173913 0.063542
0 0.641655 0.554167 0.085554 0.129167
0 0.900421 0.334896 0.081346 0.061458