0 0.278401 0.441146 0.175316 0.063542
0 0.739130 0.493229 0.173913 0.063542
0 0.561711 0.604167 0.079944 0.125000
0 0.305750 0.216667 0.173913 0.062500
0 0.474053 0.110937 0.084151 0.063542
0 0.657784 0.895833 0.084151 0.131250
0 0.597475 0.222917 0.173913 0.062500
0 0.511921 0.289583 0.084151 0.062500
0 0.842216 0.401562 0.169705 0.063542
0 0.205470 0.842187 0.085554 0.130208
0 0.506311 0.787500 0.075736 0.056250
0 0.410940 0.360938 0.084151 0.063542
0 0.391304 0.926042 0.173913 0.064583
0 0.826087 0.181771 0.173913 0.194792