0 0.406732 0.748958 0.084151 0.062500
0 0.610098 0.157292 0.084151 0.129167
0 0.208976 0.167187 0.173913 0.063542
0 0.669004 0.659896 0.084151 0.063542
0 0.214586 0.782813 0.173913 0.130208
0 0.552595 0.801562 0.086957 0.130208
0 0.234222 0.473958 0.084151 0.131250
0 0.206872 0.580208 0.082749 0.062500
0 0.715989 0.922396 0.085554 0.063542
0 0.879383 0.305208 0.084151 0.062500
0 0.800842 0.718229 0.173913 0.063542
0 0.857644 0.568750 0.175316 0.062500
0 0.636045 0.535937 0.175316 0.063542
0 0.659888 0.365104 0.085554 0.130208