0 0.695652 0.481771 0.263675 0.063542
0 0.448808 0.873958 0.173913 0.064583
0 0.667602 0.584375 0.173913 0.064583
0 0.582749 0.138542 0.172511 0.064583
0 0.170407 0.811979 0.077139 0.057292
0 0.309257 0.275521 0.085554 0.063542
0 0.531557 0.674479 0.084151 0.063542
0 0.511921 0.363021 0.078541 0.059375
0 0.304348 0.652604 0.171108 0.057292
0 0.695652 0.305208 0.084151 0.062500
0 0.329593 0.471875 0.081346 0.060417
0 0.553296 0.295312 0.085554 0.063542
0 0.896213 0.744271 0.086957 0.130208
0 0.513324 0.936979 0.078541 0.059375
0 0.894109 0.907292 0.082749 0.060417