0 0.598878 0.731771 0.173913 0.063542
0 0.382889 0.717708 0.173913 0.062500
0 0.583450 0.217708 0.173913 0.062500
0 0.612903 0.571875 0.173913 0.062500
0 0.754558 0.113021 0.173913 0.063542
0 0.225806 0.889583 0.084151 0.131250
0 0.765778 0.379167 0.173913 0.064583
0 0.293829 0.556771 0.175316 0.063542
0 0.326788 0.121875 0.078541 0.058333
0 0.211781 0.646354 0.173913 0.063542
0 0.791725 0.673958 0.085554 0.064583
0 0.375877 0.209375 0.084151 0.062500
0 0.208275 0.300000 0.082749 0.131250
0 0.169705 0.769271 0.084151 0.063542