0 0.661992 0.502083 0.168303 0.062500
0 0.363955 0.331771 0.175316 0.063542
0 0.318373 0.693750 0.173913 0.062500
0 0.812062 0.240625 0.173913 0.064583
0 0.692146 0.397917 0.175316 0.064583
0 0.654979 0.839583 0.084151 0.127083
0 0.215989 0.483333 0.173913 0.058333
0 0.893408 0.381250 0.084151 0.129167
0 0.503506 0.312500 0.084151 0.062500
0 0.855540 0.133333 0.171108 0.062500
0 0.475456 0.179688 0.084151 0.063542
0 0.242637 0.850521 0.084151 0.063542
0 0.784011 0.809375 0.173913 0.062500
0 0.888499 0.660937 0.082749 0.126042