0 0.419355 0.515104 0.084151 0.061458
0 0.313464 0.340625 0.085554 0.129167
0 0.739130 0.444792 0.173913 0.064583
0 0.460028 0.393750 0.084151 0.062500
0 0.853436 0.139063 0.175316 0.063542
0 0.537868 0.265104 0.175316 0.063542
0 0.586255 0.658854 0.173913 0.061458
0 0.295933 0.166667 0.173913 0.062500
0 0.835905 0.828125 0.084151 0.062500
0 0.131136 0.350521 0.082749 0.126042
0 0.443899 0.100000 0.085554 0.064583
0 0.186536 0.681771 0.171108 0.063542
0 0.354137 0.943229 0.175316 0.063542
0 0.549088 0.892188 0.085554 0.130208