0 0.134642 0.738542 0.084151 0.131250
0 0.377980 0.314063 0.082749 0.128125
0 0.855540 0.703125 0.084151 0.131250
0 0.766480 0.391667 0.262272 0.060417
0 0.540673 0.581771 0.175316 0.063542
0 0.517532 0.471354 0.084151 0.130208
0 0.635344 0.249479 0.086957 0.130208
0 0.789621 0.850000 0.173913 0.062500
0 0.470547 0.914583 0.085554 0.062500
0 0.601683 0.670312 0.084151 0.063542
0 0.781206 0.242188 0.084151 0.063542
0 0.263675 0.581250 0.173913 0.064583
0 0.511921 0.340104 0.084151 0.130208
0 0.718794 0.505208 0.175316 0.062500