0 0.699860 0.456250 0.086957 0.129167
0 0.396914 0.677604 0.173913 0.063542
0 0.755961 0.659375 0.086957 0.129167
0 0.255961 0.542188 0.079944 0.059375
0 0.760168 0.311979 0.173913 0.063542
0 0.451613 0.467187 0.173913 0.063542
0 0.481767 0.833333 0.175316 0.062500
0 0.197756 0.370833 0.171108 0.062500
0 0.197756 0.120833 0.173913 0.062500
0 0.415849 0.169792 0.085554 0.129167
0 0.452314 0.386979 0.175316 0.063542
0 0.763675 0.214062 0.085554 0.130208
0 0.288219 0.774479 0.085554 0.063542
0 0.405330 0.316146 0.173913 0.063542