0 0.759467 0.811979 0.265077 0.063542
0 0.663394 0.597917 0.086957 0.131250
0 0.373773 0.695312 0.082749 0.063542
0 0.828892 0.492188 0.173913 0.063542
0 0.288920 0.761458 0.084151 0.129167
0 0.203366 0.320312 0.084151 0.128125
0 0.332398 0.201042 0.078541 0.118750
0 0.762973 0.892188 0.084151 0.063542
0 0.560309 0.694271 0.085554 0.130208
0 0.903226 0.295833 0.078541 0.060417
0 0.825386 0.578646 0.172511 0.063542
0 0.247546 0.590104 0.085554 0.063542
0 0.150070 0.481250 0.084151 0.131250
0 0.507714 0.481250 0.086957 0.131250
0 0.441795 0.810417 0.084151 0.129167