0 0.549790 0.891667 0.084151 0.062500
0 0.447405 0.457813 0.084151 0.130208
0 0.684432 0.370833 0.173913 0.062500
0 0.739832 0.174479 0.175316 0.063542
0 0.458626 0.704688 0.173913 0.063542
0 0.509116 0.115104 0.084151 0.063542
0 0.884993 0.851562 0.084151 0.130208
0 0.375877 0.286458 0.084151 0.131250
0 0.335203 0.147396 0.173913 0.063542
0 0.600281 0.447917 0.173913 0.064583
0 0.848527 0.578646 0.084151 0.130208
0 0.314165 0.742188 0.084151 0.063542
0 0.879383 0.717708 0.084151 0.062500
0 0.517532 0.203646 0.084151 0.063542