0 0.176718 0.121875 0.173913 0.064583
0 0.262272 0.540104 0.084151 0.130208
0 0.582749 0.900521 0.175316 0.063542
0 0.348527 0.414062 0.085554 0.196875
0 0.274895 0.827083 0.173913 0.062500
0 0.840112 0.311458 0.084151 0.062500
0 0.784011 0.886458 0.081346 0.060417
0 0.772090 0.717187 0.175316 0.063542
0 0.893408 0.920833 0.084151 0.062500
0 0.181627 0.674479 0.175316 0.063542
0 0.565919 0.185938 0.175316 0.065625
0 0.500701 0.544271 0.084151 0.130208
0 0.869565 0.391667 0.084151 0.062500
0 0.665498 0.331250 0.172511 0.064583