0 0.761571 0.848437 0.173913 0.063542
0 0.665498 0.536458 0.175316 0.062500
0 0.230014 0.134375 0.173913 0.064583
0 0.816269 0.208333 0.173913 0.062500
0 0.792426 0.442188 0.084151 0.063542
0 0.423562 0.486458 0.084151 0.129167
0 0.899018 0.774479 0.084151 0.063542
0 0.511921 0.175000 0.086957 0.129167
0 0.666900 0.296354 0.085554 0.196875
0 0.204067 0.331771 0.178121 0.130208
0 0.835203 0.325521 0.085554 0.063542
0 0.336606 0.615625 0.086957 0.062500
0 0.507714 0.806250 0.084151 0.131250
0 0.360449 0.818750 0.173913 0.064583
0 0.519635 0.614062 0.085554 0.130208