0 0.875877 0.501563 0.085554 0.130208
0 0.407433 0.435937 0.085554 0.130208
0 0.722300 0.491667 0.084151 0.062500
0 0.612903 0.600000 0.084151 0.062500
0 0.320477 0.927083 0.085554 0.064583
0 0.309958 0.170313 0.084151 0.130208
0 0.482468 0.141146 0.086957 0.130208
0 0.191445 0.452604 0.085554 0.130208
0 0.374474 0.701562 0.173913 0.063542
0 0.612903 0.333854 0.173913 0.061458
0 0.207574 0.126042 0.084151 0.062500
0 0.295231 0.347917 0.085554 0.131250
0 0.889201 0.850000 0.084151 0.062500
0 0.605189 0.717187 0.085554 0.061458