0 0.173913 0.366667 0.084151 0.129167
0 0.314165 0.230208 0.173913 0.064583
0 0.556101 0.328125 0.175316 0.062500
0 0.802244 0.936979 0.173913 0.063542
0 0.228612 0.830208 0.084151 0.062500
0 0.417952 0.352604 0.084151 0.063542
0 0.878682 0.738021 0.085554 0.063542
0 0.392006 0.551562 0.085554 0.061458
0 0.847826 0.136979 0.175316 0.063542
0 0.867461 0.635938 0.085554 0.130208
0 0.381487 0.691146 0.084151 0.063542
0 0.227910 0.506250 0.085554 0.129167
0 0.744741 0.282813 0.173913 0.063542
0 0.584151 0.859896 0.085554 0.130208