0 0.158485 0.190625 0.084151 0.129167
0 0.445302 0.590104 0.085554 0.128125
0 0.735624 0.566146 0.082749 0.128125
0 0.189341 0.883333 0.173913 0.062500
0 0.371669 0.883854 0.084151 0.130208
0 0.137447 0.467708 0.084151 0.062500
0 0.413043 0.302083 0.085554 0.129167
0 0.562412 0.455729 0.173913 0.063542
0 0.698457 0.297396 0.084151 0.061458
0 0.800842 0.198958 0.173913 0.062500
0 0.627630 0.146354 0.172511 0.063542
0 0.598878 0.287500 0.084151 0.062500
0 0.890603 0.380729 0.084151 0.130208
0 0.570126 0.853646 0.175316 0.063542