0 0.775596 0.621354 0.084151 0.196875
0 0.499299 0.925521 0.084151 0.063542
0 0.143058 0.431771 0.084151 0.063542
0 0.405330 0.857292 0.084151 0.129167
0 0.591865 0.535417 0.084151 0.062500
0 0.495792 0.155729 0.169705 0.057292
0 0.534362 0.732292 0.173913 0.064583
0 0.417952 0.464062 0.173913 0.063542
0 0.495091 0.266146 0.084151 0.063542
0 0.755961 0.211458 0.084151 0.129167
0 0.169705 0.354687 0.084151 0.063542
0 0.885694 0.373437 0.082749 0.063542
0 0.341515 0.290104 0.085554 0.063542
0 0.280505 0.676562 0.173913 0.194792
0 0.277700 0.209375 0.084151 0.062500