0 0.565217 0.526563 0.173913 0.130208
0 0.256662 0.405208 0.173913 0.064583
0 0.515428 0.718750 0.085554 0.129167
0 0.710379 0.711979 0.085554 0.063542
0 0.464236 0.165625 0.084151 0.131250
0 0.443899 0.283333 0.175316 0.062500
0 0.279102 0.550521 0.084151 0.063542
0 0.324684 0.719792 0.175316 0.062500
0 0.790323 0.288542 0.175316 0.064583
0 0.308555 0.128125 0.173913 0.062500
0 0.388499 0.892708 0.084151 0.062500
0 0.147265 0.226042 0.078541 0.118750
0 0.701964 0.416667 0.085554 0.129167
0 0.840112 0.178125 0.081346 0.060417
0 0.774194 0.590104 0.078541 0.059375