0 0.521739 0.708854 0.084151 0.063542
0 0.558906 0.335938 0.175316 0.063542
0 0.676718 0.263542 0.166900 0.062500
0 0.221599 0.815104 0.084151 0.130208
0 0.250351 0.319792 0.085554 0.131250
0 0.347826 0.196875 0.084151 0.062500
0 0.664797 0.444792 0.084151 0.127083
0 0.863955 0.803646 0.084151 0.063542
0 0.665498 0.704688 0.085554 0.130208
0 0.284011 0.593229 0.172511 0.128125
0 0.847826 0.525521 0.085554 0.063542
0 0.558205 0.105729 0.084151 0.063542
0 0.900421 0.157812 0.081346 0.061458
0 0.130435 0.175521 0.084151 0.130208
0 0.301543 0.703646 0.173913 0.061458