0 0.399719 0.204687 0.173913 0.063542
0 0.713184 0.253646 0.085554 0.130208
0 0.534362 0.444271 0.171108 0.059375
0 0.215288 0.455729 0.175316 0.063542
0 0.830996 0.152083 0.169705 0.062500
0 0.889201 0.776563 0.084151 0.063542
0 0.572230 0.735938 0.084151 0.063542
0 0.241935 0.371875 0.175316 0.062500
0 0.772791 0.614583 0.084151 0.129167
0 0.570827 0.383333 0.084151 0.062500
0 0.724404 0.487500 0.175316 0.064583
0 0.431276 0.920312 0.175316 0.063542
0 0.490182 0.660937 0.175316 0.063542
0 0.553296 0.248438 0.082749 0.128125
0 0.773492 0.939583 0.175316 0.064583