0 0.288219 0.622917 0.085554 0.062500
0 0.248948 0.280729 0.175316 0.063542
0 0.381487 0.281250 0.084151 0.129167
0 0.823282 0.687500 0.171108 0.193750
0 0.687237 0.401042 0.084151 0.129167
0 0.488780 0.331771 0.085554 0.063542
0 0.782609 0.290625 0.084151 0.062500
0 0.360449 0.116146 0.075736 0.057292
0 0.383590 0.531771 0.085554 0.130208
0 0.588359 0.826042 0.079944 0.060417
0 0.502805 0.726562 0.082749 0.061458
0 0.175316 0.834375 0.173913 0.062500
0 0.905330 0.306250 0.085554 0.064583
0 0.420757 0.405729 0.084151 0.063542