0 0.166900 0.569271 0.084151 0.128125
0 0.274895 0.548438 0.084151 0.128125
0 0.903226 0.253125 0.084151 0.062500
0 0.556101 0.734375 0.085554 0.131250
0 0.634642 0.348958 0.175316 0.062500
0 0.715288 0.906250 0.173913 0.062500
0 0.452314 0.848437 0.085554 0.130208
0 0.869565 0.829688 0.084151 0.130208
0 0.315568 0.838021 0.173913 0.063542
0 0.790323 0.189062 0.079944 0.059375
0 0.194951 0.357812 0.173913 0.063542
0 0.429173 0.636458 0.084151 0.131250
0 0.367461 0.132292 0.081346 0.125000
0 0.616410 0.547917 0.175316 0.062500
0 0.760870 0.611458 0.175316 0.064583