0 0.648668 0.318750 0.085554 0.129167
0 0.807854 0.378125 0.084151 0.131250
0 0.431276 0.528646 0.175316 0.063542
0 0.412342 0.863542 0.168303 0.129167
0 0.710379 0.492188 0.085554 0.063542
0 0.607994 0.697396 0.085554 0.063542
0 0.224404 0.381250 0.084151 0.062500
0 0.830295 0.545833 0.084151 0.129167
0 0.863955 0.161979 0.084151 0.063542
0 0.560309 0.208854 0.082749 0.063542
0 0.511220 0.601562 0.082749 0.063542
0 0.695652 0.559375 0.084151 0.062500
0 0.586255 0.841667 0.084151 0.131250
0 0.429874 0.728646 0.085554 0.130208