0 0.265077 0.511458 0.173913 0.062500
0 0.596073 0.594792 0.086957 0.129167
0 0.230715 0.311979 0.085554 0.063542
0 0.448808 0.263542 0.086957 0.131250
0 0.172511 0.134375 0.084151 0.131250
0 0.694250 0.937500 0.084151 0.062500
0 0.328191 0.815104 0.173913 0.063542
0 0.352034 0.293750 0.084151 0.064583
0 0.750351 0.764062 0.084151 0.063542
0 0.848527 0.177604 0.173913 0.063542
0 0.856942 0.876042 0.084151 0.129167
0 0.708275 0.448437 0.086957 0.130208
0 0.765778 0.100000 0.084151 0.062500
0 0.323983 0.691667 0.173913 0.062500