0 0.878682 0.689063 0.085554 0.063542
0 0.256662 0.438542 0.084151 0.129167
0 0.285414 0.222917 0.262272 0.060417
0 0.319776 0.665625 0.084151 0.062500
0 0.502104 0.769792 0.168303 0.060417
0 0.389902 0.434375 0.173913 0.062500
0 0.237027 0.778125 0.084151 0.129167
0 0.436185 0.561458 0.084151 0.062500
0 0.514025 0.640104 0.169705 0.061458
0 0.792426 0.553646 0.173913 0.063542
0 0.244039 0.136979 0.084151 0.063542
0 0.847125 0.417708 0.084151 0.062500
0 0.615708 0.215625 0.173913 0.064583
0 0.630435 0.432292 0.085554 0.129167