0 0.495091 0.766667 0.084151 0.062500
0 0.592567 0.876563 0.085554 0.128125
0 0.844320 0.671875 0.173913 0.062500
0 0.743338 0.214062 0.173913 0.063542
0 0.388499 0.881250 0.084151 0.062500
0 0.141655 0.452604 0.086957 0.130208
0 0.190042 0.590625 0.085554 0.131250
0 0.838710 0.773438 0.086957 0.063542
0 0.679523 0.742708 0.085554 0.129167
0 0.415849 0.318750 0.085554 0.062500
0 0.748948 0.508333 0.086957 0.131250
0 0.266480 0.478125 0.084151 0.062500
0 0.212482 0.273438 0.085554 0.063542
0 0.618513 0.595313 0.084151 0.063542