0 0.723703 0.179688 0.173913 0.063542
0 0.707574 0.858854 0.085554 0.130208
0 0.713885 0.514062 0.084151 0.063542
0 0.322581 0.296354 0.173913 0.063542
0 0.213184 0.906771 0.075736 0.057292
0 0.230014 0.526042 0.084151 0.064583
0 0.723001 0.270833 0.175316 0.064583
0 0.151473 0.602604 0.084151 0.063542
0 0.405330 0.715625 0.084151 0.062500
0 0.382889 0.914062 0.081346 0.061458
0 0.861851 0.753646 0.085554 0.063542
0 0.900421 0.300000 0.084151 0.129167
0 0.350631 0.576042 0.084151 0.129167
0 0.593268 0.916667 0.084151 0.062500