0 0.828892 0.273958 0.084151 0.129167
0 0.521739 0.456250 0.084151 0.064583
0 0.349930 0.722917 0.085554 0.131250
0 0.368163 0.214583 0.175316 0.064583
0 0.226508 0.414583 0.259467 0.062500
0 0.586957 0.142187 0.085554 0.063542
0 0.507714 0.315104 0.173913 0.063542
0 0.713885 0.686979 0.173913 0.194792
0 0.559607 0.673958 0.084151 0.131250
0 0.150070 0.707292 0.084151 0.062500
0 0.450210 0.707292 0.084151 0.062500
0 0.746844 0.412500 0.259467 0.125000
0 0.880785 0.865625 0.084151 0.062500
0 0.288920 0.311979 0.173913 0.063542