0 0.457223 0.917188 0.173913 0.063542
0 0.186536 0.351042 0.084151 0.062500
0 0.542777 0.492708 0.171108 0.062500
0 0.831697 0.677083 0.173913 0.062500
0 0.702665 0.826042 0.084151 0.062500
0 0.528050 0.765625 0.079944 0.060417
0 0.160589 0.833854 0.085554 0.130208
0 0.493689 0.665625 0.173913 0.062500
0 0.562412 0.109375 0.173913 0.062500
0 0.346424 0.514062 0.081346 0.061458
0 0.591865 0.264583 0.084151 0.062500
0 0.417251 0.193229 0.172511 0.063542
0 0.821879 0.536458 0.173913 0.127083
0 0.426367 0.347917 0.084151 0.131250