0 0.827489 0.785417 0.084151 0.062500
0 0.596073 0.319271 0.173913 0.063542
0 0.277700 0.653646 0.081346 0.061458
0 0.441795 0.722917 0.084151 0.062500
0 0.823282 0.893229 0.078541 0.059375
0 0.906732 0.851562 0.082749 0.061458
0 0.528752 0.734896 0.084151 0.063542
0 0.242637 0.404687 0.086957 0.130208
0 0.856942 0.552604 0.084151 0.063542
0 0.199158 0.725000 0.173913 0.062500
0 0.582749 0.465625 0.085554 0.131250
0 0.150771 0.430208 0.085554 0.129167
0 0.427770 0.282292 0.084151 0.129167
0 0.728612 0.595313 0.085554 0.130208
0 0.310659 0.234896 0.079944 0.059375