0 0.302945 0.715104 0.084151 0.130208
0 0.844320 0.240625 0.173913 0.062500
0 0.392707 0.326042 0.084151 0.131250
0 0.477560 0.534896 0.175316 0.063542
0 0.812763 0.604167 0.175316 0.064583
0 0.534362 0.217708 0.086957 0.131250
0 0.152875 0.918750 0.084151 0.062500
0 0.537868 0.785937 0.169705 0.061458
0 0.602384 0.363021 0.085554 0.130208
0 0.536466 0.907813 0.175316 0.063542
0 0.195652 0.542708 0.082749 0.129167
0 0.807153 0.897917 0.085554 0.062500
0 0.725806 0.347917 0.085554 0.129167
0 0.747546 0.776042 0.173913 0.062500