0 0.552595 0.566667 0.173913 0.064583
0 0.584853 0.163542 0.173913 0.064583
0 0.661992 0.261458 0.075736 0.116667
0 0.387798 0.402604 0.085554 0.130208
0 0.598177 0.423958 0.082749 0.062500
0 0.490884 0.701562 0.171108 0.063542
0 0.362553 0.189583 0.169705 0.129167
0 0.269285 0.821875 0.084151 0.062500
0 0.758065 0.437500 0.175316 0.062500
0 0.802244 0.753125 0.086957 0.131250
0 0.208275 0.436979 0.085554 0.063542
0 0.791024 0.228646 0.084151 0.063542
0 0.586255 0.880729 0.173913 0.063542
0 0.231417 0.905729 0.173913 0.063542
0 0.893408 0.554688 0.084151 0.130208