0 0.732118 0.666146 0.173913 0.063542
0 0.607293 0.177083 0.173913 0.064583
0 0.182328 0.717187 0.081346 0.061458
0 0.758766 0.577083 0.084151 0.062500
0 0.206171 0.281771 0.084151 0.130208
0 0.341515 0.779167 0.175316 0.064583
0 0.391304 0.926042 0.173913 0.062500
0 0.513324 0.510938 0.084151 0.130208
0 0.481066 0.643229 0.173913 0.063542
0 0.382889 0.375521 0.171108 0.059375
0 0.737728 0.871875 0.084151 0.064583
0 0.856942 0.447917 0.168303 0.129167
0 0.161290 0.166667 0.084151 0.062500
0 0.750351 0.329688 0.084151 0.063542
0 0.429173 0.222917 0.084151 0.062500