0 0.785414 0.366146 0.173913 0.063542
0 0.807854 0.919792 0.173913 0.062500
0 0.330996 0.792188 0.078541 0.059375
0 0.863955 0.195833 0.084151 0.062500
0 0.410940 0.098958 0.173913 0.064583
0 0.317672 0.574479 0.172511 0.061458
0 0.196353 0.219792 0.084151 0.064583
0 0.558906 0.141667 0.085554 0.062500
0 0.542777 0.768229 0.173913 0.063542
0 0.500701 0.267188 0.173913 0.063542
0 0.704769 0.254688 0.079944 0.059375
0 0.887798 0.271875 0.081346 0.060417
0 0.605891 0.539062 0.173913 0.063542
0 0.886396 0.478646 0.084151 0.130208
0 0.172511 0.833854 0.084151 0.128125