0 0.718794 0.555208 0.085554 0.129167
0 0.129734 0.376563 0.082749 0.063542
0 0.621318 0.185417 0.084151 0.129167
0 0.408135 0.294271 0.084151 0.063542
0 0.223703 0.636979 0.079944 0.126042
0 0.187237 0.894271 0.172511 0.128125
0 0.462833 0.752604 0.084151 0.063542
0 0.229313 0.150000 0.175316 0.062500
0 0.444600 0.391667 0.084151 0.129167
0 0.661992 0.344271 0.084151 0.130208
0 0.903226 0.757812 0.084151 0.063542
0 0.360449 0.448437 0.084151 0.130208
0 0.786816 0.103125 0.173913 0.064583
0 0.475456 0.119271 0.173913 0.063542