0 0.327489 0.936458 0.175316 0.064583
0 0.321178 0.354687 0.084151 0.130208
0 0.711781 0.438542 0.085554 0.129167
0 0.361150 0.139063 0.175316 0.063542
0 0.396914 0.728125 0.084151 0.129167
0 0.470547 0.907292 0.077139 0.056250
0 0.364656 0.517708 0.084151 0.062500
0 0.842917 0.586458 0.168303 0.060417
0 0.671108 0.755729 0.085554 0.063542
0 0.809257 0.348958 0.084151 0.062500
0 0.897616 0.457292 0.084151 0.062500
0 0.130435 0.166146 0.084151 0.063542
0 0.530154 0.409375 0.084151 0.062500
0 0.557504 0.657813 0.085554 0.130208