0 0.459327 0.236458 0.085554 0.129167
0 0.521038 0.494271 0.175316 0.063542
0 0.463534 0.866146 0.085554 0.061458
0 0.706171 0.233854 0.085554 0.063542
0 0.737728 0.421875 0.084151 0.129167
0 0.283310 0.808333 0.173913 0.062500
0 0.787518 0.638542 0.175316 0.062500
0 0.774194 0.913542 0.084151 0.062500
0 0.339411 0.126042 0.173913 0.064583
0 0.257363 0.333333 0.251052 0.129167
0 0.340112 0.451042 0.175316 0.064583
0 0.272791 0.203125 0.169705 0.062500
0 0.592567 0.780208 0.175316 0.064583
0 0.778401 0.149479 0.173913 0.063542
0 0.827489 0.760938 0.086957 0.130208