0 0.316971 0.547917 0.086957 0.131250
0 0.377279 0.329688 0.173913 0.063542
0 0.885694 0.891146 0.085554 0.130208
0 0.638850 0.141146 0.085554 0.130208
0 0.185835 0.707812 0.175316 0.063542
0 0.478261 0.193229 0.173913 0.063542
0 0.768583 0.550521 0.084151 0.063542
0 0.784712 0.334375 0.164095 0.062500
0 0.413745 0.935937 0.084151 0.063542
0 0.183731 0.782292 0.173913 0.062500
0 0.377980 0.856250 0.175316 0.062500
0 0.632539 0.424479 0.086957 0.130208
0 0.818373 0.400521 0.169705 0.057292
0 0.412342 0.587500 0.084151 0.064583
0 0.687237 0.654167 0.084151 0.062500