0 0.287518 0.860417 0.075736 0.056250
0 0.681627 0.213542 0.081346 0.062500
0 0.375175 0.599479 0.082749 0.061458
0 0.713184 0.548438 0.085554 0.130208
0 0.314165 0.113021 0.263675 0.063542
0 0.575736 0.131771 0.175316 0.063542
0 0.892006 0.239063 0.084151 0.063542
0 0.155680 0.385937 0.086957 0.130208
0 0.631136 0.904167 0.173913 0.062500
0 0.751753 0.283333 0.173913 0.062500
0 0.822581 0.378646 0.175316 0.063542
0 0.376578 0.383333 0.175316 0.062500
0 0.676017 0.801042 0.081346 0.127083
0 0.394109 0.781771 0.084151 0.063542