0 0.674614 0.186458 0.173913 0.064583
0 0.443899 0.829688 0.175316 0.063542
0 0.822581 0.442708 0.085554 0.131250
0 0.414446 0.255208 0.085554 0.062500
0 0.295231 0.408333 0.085554 0.131250
0 0.675316 0.930729 0.175316 0.063542
0 0.598177 0.585417 0.175316 0.064583
0 0.509818 0.726562 0.175316 0.065625
0 0.328191 0.165104 0.173913 0.063542
0 0.142356 0.438542 0.085554 0.129167
0 0.185835 0.719271 0.175316 0.063542
0 0.349229 0.567187 0.173913 0.063542
0 0.841515 0.823958 0.084151 0.129167
0 0.755259 0.550521 0.085554 0.063542