0 0.213184 0.849479 0.084151 0.063542
0 0.496494 0.729688 0.084151 0.130208
0 0.421459 0.836458 0.082749 0.062500
0 0.828892 0.610417 0.084151 0.131250
0 0.544180 0.158333 0.086957 0.131250
0 0.313464 0.727604 0.082749 0.063542
0 0.711781 0.404687 0.085554 0.063542
0 0.652875 0.776563 0.175316 0.063542
0 0.476858 0.311458 0.084151 0.062500
0 0.171108 0.258333 0.084151 0.062500
0 0.630435 0.161979 0.085554 0.130208
0 0.587658 0.871354 0.173913 0.063542
0 0.399018 0.221354 0.085554 0.063542
0 0.401122 0.539583 0.084151 0.062500
0 0.671809 0.579167 0.084151 0.062500