0 0.262973 0.491667 0.164095 0.056250
0 0.523142 0.688542 0.173913 0.062500
0 0.826788 0.575521 0.175316 0.063542
0 0.139551 0.327604 0.085554 0.063542
0 0.545582 0.557813 0.173913 0.130208
0 0.469846 0.173958 0.084151 0.129167
0 0.346424 0.559896 0.173913 0.063542
0 0.140252 0.522917 0.081346 0.125000
0 0.892006 0.814063 0.084151 0.130208
0 0.255259 0.820312 0.084151 0.130208
0 0.600281 0.223438 0.173913 0.063542
0 0.366760 0.193229 0.085554 0.130208
0 0.470547 0.812500 0.085554 0.131250
0 0.194951 0.248958 0.173913 0.062500