0 0.481066 0.786458 0.084151 0.062500
0 0.446704 0.276042 0.085554 0.062500
0 0.744741 0.129167 0.081346 0.062500
0 0.750351 0.782292 0.266480 0.062500
0 0.647966 0.867188 0.084151 0.063542
0 0.568724 0.498958 0.175316 0.064583
0 0.716690 0.394792 0.171108 0.062500
0 0.292426 0.586979 0.172511 0.063542
0 0.733520 0.642708 0.084151 0.129167
0 0.550491 0.680729 0.085554 0.130208
0 0.133941 0.540625 0.085554 0.131250
0 0.261571 0.693229 0.082749 0.126042
0 0.849229 0.290104 0.085554 0.130208
0 0.386396 0.927083 0.175316 0.062500