0 0.525947 0.842708 0.086957 0.131250
0 0.800140 0.163021 0.175316 0.130208
0 0.760168 0.510417 0.173913 0.062500
0 0.291725 0.843229 0.173913 0.061458
0 0.549790 0.326042 0.084151 0.129167
0 0.446704 0.490104 0.085554 0.063542
0 0.222300 0.283854 0.085554 0.130208
0 0.831697 0.325000 0.086957 0.129167
0 0.361851 0.660937 0.173913 0.063542
0 0.801543 0.743750 0.259467 0.125000
0 0.483871 0.225521 0.263675 0.063542
0 0.161992 0.457813 0.085554 0.130208
0 0.326788 0.430729 0.081346 0.059375
0 0.730715 0.445312 0.084151 0.063542
0 0.713885 0.575000 0.173913 0.064583