0 0.204769 0.218229 0.084151 0.063542
0 0.796634 0.297396 0.173913 0.063542
0 0.338710 0.375000 0.082749 0.062500
0 0.660589 0.229687 0.084151 0.130208
0 0.438990 0.496354 0.084151 0.063542
0 0.201964 0.792708 0.084151 0.062500
0 0.285414 0.450521 0.085554 0.063542
0 0.548387 0.547917 0.084151 0.131250
0 0.286115 0.602604 0.081346 0.061458
0 0.422861 0.935937 0.175316 0.063542
0 0.820477 0.663542 0.173913 0.064583
0 0.688640 0.833333 0.173913 0.062500
0 0.348527 0.165104 0.175316 0.063542
0 0.773492 0.449479 0.175316 0.063542