0 0.225806 0.915104 0.173913 0.063542
0 0.643759 0.927083 0.084151 0.062500
0 0.754558 0.427083 0.081346 0.060417
0 0.812062 0.215625 0.173913 0.062500
0 0.708976 0.601042 0.085554 0.131250
0 0.890603 0.768750 0.084151 0.129167
0 0.143058 0.183854 0.086957 0.130208
0 0.580645 0.317188 0.173913 0.063542
0 0.854137 0.292708 0.084151 0.062500
0 0.458626 0.933854 0.173913 0.063542
0 0.404628 0.169271 0.082749 0.128125
0 0.600281 0.710417 0.084151 0.062500
0 0.516129 0.792188 0.173913 0.063542
0 0.351332 0.280729 0.082749 0.063542
0 0.551192 0.395833 0.173913 0.062500