0 0.870266 0.141667 0.085554 0.129167
0 0.409537 0.607292 0.084151 0.129167
0 0.699860 0.221354 0.084151 0.130208
0 0.697055 0.476562 0.084151 0.130208
0 0.373072 0.329167 0.084151 0.129167
0 0.900421 0.778125 0.081346 0.127083
0 0.176017 0.590625 0.175316 0.062500
0 0.544180 0.712500 0.075736 0.056250
0 0.593268 0.354687 0.173913 0.063542
0 0.323983 0.475521 0.084151 0.130208
0 0.814867 0.642188 0.084151 0.130208
0 0.798036 0.292187 0.084151 0.130208
0 0.554698 0.157292 0.082749 0.131250
0 0.440393 0.887500 0.173913 0.062500
0 0.234222 0.854167 0.084151 0.062500