0 0.807153 0.504167 0.175316 0.064583
0 0.423562 0.550521 0.173913 0.063542
0 0.675316 0.751563 0.175316 0.063542
0 0.622721 0.350000 0.173913 0.062500
0 0.227209 0.316146 0.173913 0.063542
0 0.455119 0.800000 0.175316 0.064583
0 0.204067 0.575000 0.082749 0.131250
0 0.810659 0.277604 0.173913 0.130208
0 0.191445 0.190625 0.175316 0.062500
0 0.270687 0.906250 0.084151 0.131250
0 0.180926 0.394792 0.173913 0.062500
0 0.759467 0.571875 0.262272 0.060417
0 0.617111 0.113021 0.173913 0.063542
0 0.409537 0.225000 0.171108 0.060417
0 0.497896 0.652083 0.084151 0.062500