0 0.638149 0.488021 0.173913 0.130208
0 0.460028 0.646875 0.086957 0.129167
0 0.194951 0.274479 0.084151 0.130208
0 0.509116 0.320312 0.084151 0.130208
0 0.754558 0.207292 0.084151 0.131250
0 0.807153 0.846354 0.085554 0.063542
0 0.294530 0.450000 0.173913 0.062500
0 0.558205 0.130729 0.078541 0.059375
0 0.258766 0.822917 0.262272 0.060417
0 0.791024 0.353125 0.173913 0.062500
0 0.903927 0.476042 0.085554 0.131250
0 0.563114 0.679167 0.085554 0.131250
0 0.720898 0.907292 0.084151 0.062500
0 0.546283 0.786979 0.175316 0.063542