0 0.787518 0.844271 0.085554 0.063542
0 0.191445 0.558854 0.175316 0.063542
0 0.595372 0.151562 0.175316 0.063542
0 0.253156 0.408333 0.085554 0.129167
0 0.622020 0.566146 0.175316 0.063542
0 0.248948 0.183333 0.085554 0.064583
0 0.167602 0.905729 0.085554 0.063542
0 0.438990 0.656250 0.084151 0.064583
0 0.361150 0.945312 0.172511 0.061458
0 0.844320 0.575000 0.173913 0.064583
0 0.769986 0.479687 0.173913 0.063542
0 0.175316 0.792708 0.173913 0.062500
0 0.550491 0.409375 0.085554 0.131250
0 0.579243 0.867708 0.173913 0.062500
0 0.389902 0.315104 0.084151 0.063542