0 0.598878 0.432812 0.173913 0.063542
0 0.368864 0.774479 0.173913 0.063542
0 0.626227 0.840625 0.085554 0.129167
0 0.134642 0.353125 0.081346 0.060417
0 0.576438 0.127083 0.171108 0.062500
0 0.220898 0.579688 0.085554 0.130208
0 0.273492 0.454688 0.173913 0.063542
0 0.647265 0.294792 0.175316 0.064583
0 0.430575 0.463021 0.084151 0.063542
0 0.330295 0.592187 0.085554 0.063542
0 0.713885 0.621875 0.173913 0.064583
0 0.241935 0.897396 0.082749 0.126042
0 0.273492 0.216146 0.084151 0.063542
0 0.333801 0.351042 0.084151 0.062500