0 0.643058 0.241146 0.079944 0.059375
0 0.869565 0.857812 0.086957 0.130208
0 0.779102 0.616667 0.085554 0.062500
0 0.131837 0.602083 0.084151 0.131250
0 0.635344 0.407292 0.171108 0.060417
0 0.423562 0.732292 0.173913 0.064583
0 0.244741 0.494792 0.082749 0.062500
0 0.795231 0.306771 0.173913 0.063542
0 0.203366 0.141146 0.084151 0.130208
0 0.382889 0.102083 0.081346 0.060417
0 0.269285 0.923958 0.173913 0.062500
0 0.638149 0.499479 0.173913 0.063542
0 0.612202 0.132812 0.169705 0.061458
0 0.807153 0.155729 0.175316 0.063542