0 0.346424 0.604688 0.173913 0.063542
0 0.688640 0.592708 0.084151 0.062500
0 0.728612 0.687500 0.077139 0.056250
0 0.812763 0.430729 0.085554 0.130208
0 0.164095 0.410417 0.081346 0.125000
0 0.345021 0.154167 0.084151 0.129167
0 0.818373 0.546354 0.082749 0.063542
0 0.416550 0.448958 0.084151 0.131250
0 0.257363 0.177604 0.085554 0.063542
0 0.640954 0.350521 0.171108 0.128125
0 0.217391 0.759375 0.173913 0.062500
0 0.529453 0.166146 0.085554 0.130208
0 0.856942 0.290104 0.084151 0.130208
0 0.347125 0.892188 0.172511 0.065625