0 0.473352 0.349479 0.175316 0.063542
0 0.806452 0.727083 0.084151 0.062500
0 0.854137 0.378646 0.173913 0.063542
0 0.227910 0.247396 0.085554 0.063542
0 0.854137 0.908333 0.078541 0.058333
0 0.882188 0.513021 0.086957 0.063542
0 0.311360 0.814063 0.084151 0.063542
0 0.313464 0.369271 0.082749 0.190625
0 0.367461 0.175521 0.081346 0.059375
0 0.509818 0.798958 0.085554 0.131250
0 0.646564 0.274479 0.173913 0.063542
0 0.671809 0.184375 0.084151 0.062500
0 0.837307 0.211458 0.173913 0.062500
0 0.592567 0.617708 0.169705 0.062500
0 0.569425 0.517188 0.084151 0.063542