0 0.570827 0.367708 0.086957 0.131250
0 0.725806 0.557813 0.175316 0.063542
0 0.901122 0.633333 0.085554 0.131250
0 0.646564 0.621875 0.173913 0.062500
0 0.248247 0.456250 0.173913 0.064583
0 0.719495 0.731771 0.084151 0.130208
0 0.380084 0.246875 0.084151 0.062500
0 0.133240 0.717708 0.084151 0.062500
0 0.511220 0.782813 0.082749 0.128125
0 0.207574 0.616667 0.084151 0.064583
0 0.711080 0.836458 0.084151 0.062500
0 0.795231 0.217188 0.173913 0.063542
0 0.309257 0.151562 0.085554 0.063542
0 0.650771 0.147396 0.173913 0.063542