0 0.406031 0.746875 0.085554 0.064583
0 0.150771 0.758854 0.079944 0.061458
0 0.744741 0.343229 0.173913 0.063542
0 0.737728 0.943229 0.173913 0.061458
0 0.568022 0.265104 0.084151 0.130208
0 0.386396 0.099479 0.175316 0.063542
0 0.446003 0.582812 0.173913 0.130208
0 0.400421 0.418229 0.085554 0.130208
0 0.659888 0.647917 0.175316 0.062500
0 0.903927 0.775000 0.085554 0.129167
0 0.808555 0.525000 0.085554 0.129167
0 0.276297 0.884375 0.084151 0.064583
0 0.755961 0.749479 0.084151 0.063542
0 0.495091 0.910937 0.084151 0.130208