0 0.744741 0.545312 0.084151 0.063542
0 0.213184 0.496875 0.084151 0.129167
0 0.384993 0.833333 0.085554 0.131250
0 0.817672 0.906771 0.173913 0.063542
0 0.473352 0.167187 0.169705 0.061458
0 0.312062 0.159375 0.088359 0.131250
0 0.359046 0.687500 0.084151 0.062500
0 0.253857 0.843750 0.084151 0.062500
0 0.590463 0.638542 0.084151 0.129167
0 0.215288 0.328125 0.169705 0.193750
0 0.517532 0.765104 0.173913 0.063542
0 0.764376 0.121875 0.084151 0.062500
0 0.798738 0.244792 0.175316 0.064583
0 0.673212 0.809375 0.084151 0.131250