0 0.334502 0.748958 0.085554 0.131250
0 0.692146 0.592187 0.085554 0.063542
0 0.145863 0.589583 0.084151 0.062500
0 0.373773 0.283333 0.175316 0.062500
0 0.298738 0.485417 0.084151 0.131250
0 0.487377 0.809896 0.085554 0.130208
0 0.701262 0.874479 0.084151 0.063542
0 0.328191 0.930208 0.084151 0.064583
0 0.803647 0.459896 0.176718 0.061458
0 0.858345 0.313021 0.173913 0.130208
0 0.707574 0.133333 0.085554 0.129167
0 0.840813 0.903125 0.172511 0.062500
0 0.161992 0.680729 0.077139 0.057292
0 0.863254 0.616146 0.085554 0.130208