0 0.328191 0.174479 0.084151 0.063542
0 0.269285 0.710938 0.173913 0.063542
0 0.287518 0.417708 0.084151 0.062500
0 0.755259 0.828646 0.079944 0.126042
0 0.442496 0.101562 0.175316 0.063542
0 0.305750 0.253125 0.168303 0.062500
0 0.406732 0.435417 0.075736 0.116667
0 0.838710 0.589063 0.084151 0.063542
0 0.137447 0.401042 0.081346 0.060417
0 0.827489 0.463542 0.171108 0.060417
0 0.838710 0.901563 0.086957 0.130208
0 0.795231 0.243229 0.084151 0.063542
0 0.666900 0.220833 0.085554 0.062500
0 0.461431 0.823438 0.086957 0.130208