0 0.579944 0.532813 0.085554 0.130208
0 0.561010 0.698958 0.173913 0.062500
0 0.863254 0.612500 0.085554 0.064583
0 0.840813 0.119792 0.175316 0.062500
0 0.329593 0.499479 0.173913 0.063542
0 0.734923 0.376563 0.173913 0.130208
0 0.176718 0.126562 0.173913 0.063542
0 0.374474 0.675000 0.173913 0.064583
0 0.455820 0.832812 0.084151 0.063542
0 0.390603 0.284896 0.085554 0.130208
0 0.735624 0.850521 0.175316 0.063542
0 0.856241 0.731250 0.175316 0.064583
0 0.293128 0.803125 0.084151 0.064583
0 0.450912 0.395313 0.085554 0.063542