0 0.316971 0.763542 0.084151 0.062500
0 0.240533 0.353125 0.085554 0.129167
0 0.150771 0.654167 0.085554 0.129167
0 0.565217 0.295312 0.173913 0.063542
0 0.575035 0.617188 0.173913 0.063542
0 0.903226 0.180208 0.081346 0.129167
0 0.697055 0.540625 0.084151 0.062500
0 0.675316 0.415104 0.175316 0.063542
0 0.628331 0.760938 0.084151 0.063542
0 0.859046 0.447396 0.077139 0.057292
0 0.866760 0.525000 0.084151 0.064583
0 0.408135 0.885938 0.173913 0.130208
0 0.880785 0.317708 0.086957 0.129167
0 0.880785 0.881250 0.084151 0.129167
0 0.563114 0.504167 0.175316 0.064583