0 0.166199 0.809375 0.088359 0.131250
0 0.593268 0.317188 0.084151 0.063542
0 0.216690 0.188542 0.172511 0.064583
0 0.314165 0.896354 0.084151 0.130208
0 0.209677 0.336458 0.175316 0.062500
0 0.791024 0.356771 0.171108 0.061458
0 0.585554 0.641146 0.169705 0.061458
0 0.854137 0.661458 0.084151 0.129167
0 0.260870 0.530729 0.084151 0.130208
0 0.337307 0.710938 0.085554 0.130208
0 0.431276 0.548958 0.175316 0.062500
0 0.569425 0.762500 0.173913 0.062500
0 0.906031 0.847917 0.084151 0.129167
0 0.437588 0.329167 0.173913 0.062500
0 0.504208 0.152604 0.175316 0.130208