0 0.793829 0.155729 0.084151 0.130208
0 0.226508 0.492188 0.085554 0.128125
0 0.284712 0.313542 0.084151 0.129167
0 0.184432 0.190625 0.082749 0.131250
0 0.427770 0.753125 0.084151 0.129167
0 0.784712 0.319792 0.175316 0.064583
0 0.492286 0.459375 0.084151 0.129167
0 0.755961 0.769271 0.084151 0.130208
0 0.514025 0.270313 0.169705 0.061458
0 0.391304 0.873437 0.084151 0.063542
0 0.237027 0.718750 0.086957 0.131250
0 0.671809 0.822396 0.084151 0.130208
0 0.784712 0.457292 0.172511 0.064583
0 0.451613 0.122917 0.084151 0.062500