0 0.270687 0.830208 0.084151 0.062500
0 0.348527 0.114062 0.085554 0.063542
0 0.511921 0.512500 0.084151 0.062500
0 0.468443 0.595833 0.084151 0.062500
0 0.372370 0.221875 0.085554 0.064583
0 0.722300 0.286458 0.084151 0.062500
0 0.810659 0.869792 0.173913 0.064583
0 0.699860 0.552083 0.084151 0.131250
0 0.163394 0.360938 0.085554 0.130208
0 0.336606 0.298438 0.078541 0.061458
0 0.594670 0.671875 0.084151 0.129167
0 0.555400 0.172917 0.081346 0.060417
0 0.560309 0.946354 0.175316 0.063542
0 0.621318 0.437500 0.173913 0.062500
0 0.422160 0.798438 0.173913 0.063542