0 0.656381 0.195833 0.084151 0.062500
0 0.401122 0.385417 0.086957 0.131250
0 0.788219 0.929167 0.084151 0.062500
0 0.615007 0.915104 0.175316 0.063542
0 0.460028 0.570312 0.084151 0.063542
0 0.773492 0.501042 0.085554 0.062500
0 0.896914 0.252083 0.085554 0.129167
0 0.136045 0.661979 0.084151 0.063542
0 0.589060 0.496354 0.084151 0.130208
0 0.256662 0.945312 0.084151 0.063542
0 0.204067 0.515625 0.166900 0.127083
0 0.877980 0.448958 0.084151 0.131250
0 0.687237 0.673958 0.075736 0.116667
0 0.215989 0.321875 0.173913 0.062500
0 0.723703 0.357292 0.173913 0.064583