0 0.765778 0.566667 0.084151 0.062500
0 0.668303 0.596875 0.085554 0.064583
0 0.204067 0.904687 0.175316 0.063542
0 0.643759 0.316667 0.173913 0.064583
0 0.583450 0.700000 0.173913 0.064583
0 0.713885 0.250521 0.084151 0.063542
0 0.445302 0.335417 0.175316 0.064583
0 0.394109 0.602604 0.084151 0.128125
0 0.225105 0.811458 0.175316 0.062500
0 0.738429 0.187500 0.172511 0.062500
0 0.206872 0.561979 0.079944 0.059375
0 0.431978 0.228646 0.173913 0.063542
0 0.396213 0.799479 0.079944 0.059375
0 0.904628 0.793229 0.084151 0.063542
0 0.370266 0.403125 0.084151 0.062500