0 0.894811 0.402083 0.084151 0.062500
0 0.774194 0.134896 0.084151 0.063542
0 0.602384 0.261458 0.085554 0.064583
0 0.206171 0.355208 0.173913 0.062500
0 0.244741 0.810937 0.085554 0.063542
0 0.446003 0.816146 0.084151 0.063542
0 0.562412 0.689063 0.173913 0.063542
0 0.796634 0.588021 0.173913 0.063542
0 0.239832 0.941667 0.173913 0.062500
0 0.370266 0.353125 0.084151 0.129167
0 0.323983 0.557813 0.173913 0.063542
0 0.756662 0.409375 0.085554 0.062500
0 0.766480 0.895312 0.085554 0.063542
0 0.454418 0.242188 0.173913 0.063542