0 0.389902 0.248958 0.173913 0.062500
0 0.591865 0.536979 0.173913 0.063542
0 0.375877 0.681250 0.086957 0.131250
0 0.134642 0.721875 0.084151 0.062500
0 0.316269 0.412500 0.085554 0.064583
0 0.645161 0.137500 0.084151 0.131250
0 0.715288 0.787500 0.084151 0.131250
0 0.603787 0.303646 0.085554 0.130208
0 0.682328 0.450000 0.172511 0.062500
0 0.481767 0.873437 0.085554 0.130208
0 0.199158 0.443229 0.084151 0.063542
0 0.852735 0.681250 0.084151 0.062500
0 0.406031 0.582292 0.082749 0.062500
0 0.835905 0.386458 0.173913 0.064583
0 0.211781 0.842708 0.084151 0.062500