0 0.736325 0.392708 0.173913 0.064583
0 0.399719 0.590104 0.173913 0.063542
0 0.666199 0.781250 0.173913 0.062500
0 0.493689 0.461458 0.086957 0.131250
0 0.371669 0.279167 0.171108 0.193750
0 0.192847 0.611458 0.085554 0.129167
0 0.708976 0.716667 0.085554 0.062500
0 0.778401 0.508854 0.084151 0.130208
0 0.580645 0.211979 0.171108 0.061458
0 0.691445 0.129167 0.084151 0.062500
0 0.868163 0.352083 0.081346 0.127083
0 0.870968 0.447917 0.084151 0.062500
0 0.776297 0.638021 0.082749 0.063542
0 0.694951 0.946875 0.259467 0.062500
0 0.272090 0.863542 0.086957 0.131250