0 0.691445 0.556771 0.081346 0.061458
0 0.461431 0.281250 0.084151 0.062500
0 0.544180 0.770312 0.173913 0.063542
0 0.318373 0.393750 0.084151 0.064583
0 0.718794 0.392188 0.085554 0.130208
0 0.154278 0.932292 0.084151 0.062500
0 0.271388 0.176042 0.175316 0.062500
0 0.802244 0.669792 0.176718 0.064583
0 0.815568 0.861458 0.175316 0.064583
0 0.582048 0.269792 0.081346 0.129167
0 0.175316 0.586458 0.173913 0.064583
0 0.757363 0.208333 0.086957 0.131250
0 0.610799 0.696354 0.175316 0.063542
0 0.402525 0.861458 0.084151 0.129167