0 0.330996 0.735938 0.084151 0.063542
0 0.394811 0.193229 0.175316 0.063542
0 0.272090 0.636458 0.173913 0.064583
0 0.419355 0.354687 0.171108 0.061458
0 0.521038 0.859375 0.175316 0.062500
0 0.773492 0.180729 0.172511 0.128125
0 0.197756 0.935417 0.173913 0.064583
0 0.678822 0.379167 0.084151 0.062500
0 0.494390 0.696354 0.085554 0.130208
0 0.893408 0.641667 0.084151 0.131250
0 0.650070 0.503646 0.085554 0.130208
0 0.492987 0.566667 0.172511 0.127083
0 0.563815 0.237500 0.084151 0.062500
0 0.436185 0.453125 0.173913 0.064583
0 0.739130 0.683854 0.084151 0.063542