0 0.841515 0.768750 0.084151 0.129167
0 0.610098 0.191146 0.173913 0.063542
0 0.251052 0.363021 0.173913 0.194792
0 0.450210 0.115625 0.084151 0.062500
0 0.680926 0.421875 0.169705 0.062500
0 0.604488 0.593750 0.081346 0.060417
0 0.596073 0.858854 0.084151 0.130208
0 0.279804 0.190625 0.085554 0.064583
0 0.569425 0.704688 0.173913 0.063542
0 0.797335 0.171875 0.085554 0.131250
0 0.297335 0.926042 0.084151 0.064583
0 0.424965 0.311458 0.084151 0.062500
0 0.446003 0.852083 0.171108 0.060417
0 0.732118 0.497396 0.173913 0.063542
0 0.220196 0.104167 0.176718 0.062500