0 0.227910 0.479687 0.082749 0.061458
0 0.741234 0.719271 0.175316 0.063542
0 0.539972 0.522917 0.084151 0.062500
0 0.791024 0.344792 0.084151 0.062500
0 0.779102 0.935937 0.175316 0.063542
0 0.144460 0.413542 0.084151 0.062500
0 0.530856 0.645833 0.085554 0.062500
0 0.655680 0.378125 0.172511 0.062500
0 0.457223 0.351042 0.084151 0.129167
0 0.308555 0.856250 0.173913 0.064583
0 0.363955 0.432812 0.085554 0.130208
0 0.897616 0.626042 0.084151 0.129167
0 0.759467 0.160938 0.085554 0.130208
0 0.144460 0.800000 0.084151 0.062500