0 0.147966 0.608333 0.085554 0.064583
0 0.354137 0.858854 0.085554 0.063542
0 0.523843 0.263542 0.172511 0.062500
0 0.765778 0.098437 0.173913 0.063542
0 0.694250 0.777604 0.173913 0.063542
0 0.547686 0.607812 0.085554 0.130208
0 0.286115 0.771354 0.173913 0.063542
0 0.313464 0.585938 0.175316 0.063542
0 0.325386 0.472396 0.173913 0.063542
0 0.476858 0.397917 0.173913 0.062500
0 0.871669 0.335417 0.085554 0.064583
0 0.664095 0.240104 0.085554 0.130208
0 0.506311 0.181771 0.173913 0.063542
0 0.739130 0.542188 0.263675 0.063542
0 0.229313 0.695833 0.085554 0.064583