0 0.875175 0.626042 0.084151 0.062500
0 0.420757 0.947396 0.084151 0.063542
0 0.239832 0.365104 0.084151 0.063542
0 0.356942 0.461458 0.085554 0.131250
0 0.582048 0.482292 0.173913 0.062500
0 0.295933 0.743750 0.168303 0.127083
0 0.761571 0.216667 0.173913 0.062500
0 0.515428 0.807813 0.175316 0.063542
0 0.561010 0.285938 0.084151 0.196875
0 0.744039 0.105729 0.085554 0.063542
0 0.720898 0.291667 0.173913 0.062500
0 0.157784 0.475521 0.085554 0.130208
0 0.595372 0.647917 0.259467 0.125000
0 0.281907 0.119271 0.173913 0.063542