0 0.856942 0.658854 0.084151 0.130208
0 0.690042 0.868229 0.173913 0.063542
0 0.347826 0.305208 0.084151 0.062500
0 0.631136 0.690625 0.084151 0.129167
0 0.670407 0.447917 0.084151 0.062500
0 0.650070 0.356250 0.175316 0.062500
0 0.774895 0.759896 0.175316 0.063542
0 0.347125 0.604167 0.077139 0.056250
0 0.262272 0.375000 0.084151 0.062500
0 0.523843 0.711979 0.085554 0.063542
0 0.319074 0.940625 0.175316 0.062500
0 0.685835 0.563021 0.075736 0.057292
0 0.178121 0.555208 0.084151 0.062500
0 0.179523 0.486979 0.173913 0.063542
0 0.458626 0.437500 0.084151 0.062500