0 0.669004 0.466667 0.173913 0.062500
0 0.380785 0.677604 0.085554 0.130208
0 0.510519 0.757292 0.171108 0.193750
0 0.673212 0.333333 0.173913 0.062500
0 0.414446 0.395313 0.085554 0.130208
0 0.863955 0.201042 0.084151 0.062500
0 0.158485 0.609375 0.084151 0.062500
0 0.323983 0.150000 0.173913 0.062500
0 0.246844 0.288021 0.173913 0.063542
0 0.812062 0.365625 0.081346 0.060417
0 0.161290 0.771875 0.084151 0.062500
0 0.903226 0.496875 0.084151 0.064583
0 0.786115 0.264583 0.079944 0.062500
0 0.206171 0.352083 0.078541 0.058333
0 0.193548 0.442188 0.084151 0.063542