0 0.531557 0.924479 0.173913 0.063542
0 0.344320 0.331771 0.082749 0.063542
0 0.880785 0.531250 0.084151 0.129167
0 0.805049 0.380208 0.081346 0.060417
0 0.667602 0.230208 0.173913 0.062500
0 0.272090 0.792188 0.084151 0.063542
0 0.790323 0.871875 0.175316 0.062500
0 0.426367 0.511979 0.081346 0.061458
0 0.892006 0.343750 0.084151 0.062500
0 0.558906 0.489063 0.175316 0.063542
0 0.802244 0.155208 0.173913 0.062500
0 0.851332 0.716146 0.173913 0.063542
0 0.407433 0.821875 0.172511 0.064583
0 0.172511 0.894271 0.084151 0.130208
0 0.253156 0.530208 0.085554 0.062500