0 0.893408 0.553125 0.084151 0.062500
0 0.483871 0.247917 0.084151 0.062500
0 0.577139 0.719271 0.175316 0.063542
0 0.644460 0.868750 0.085554 0.062500
0 0.255961 0.874479 0.079944 0.059375
0 0.130435 0.376563 0.084151 0.130208
0 0.396213 0.460938 0.085554 0.130208
0 0.342216 0.631250 0.086957 0.131250
0 0.678822 0.309896 0.086957 0.130208
0 0.349229 0.206771 0.084151 0.063542
0 0.598177 0.505208 0.085554 0.129167
0 0.765077 0.444792 0.085554 0.129167
0 0.544180 0.104167 0.084151 0.062500
0 0.237027 0.598437 0.084151 0.063542
0 0.528050 0.328646 0.175316 0.063542