0 0.254558 0.377083 0.082749 0.062500
0 0.490884 0.359896 0.084151 0.130208
0 0.813464 0.440104 0.173913 0.063542
0 0.495792 0.796354 0.175316 0.063542
0 0.661992 0.384375 0.081346 0.062500
0 0.809958 0.693750 0.085554 0.131250
0 0.431978 0.494792 0.084151 0.131250
0 0.190743 0.463542 0.173913 0.062500
0 0.800842 0.160938 0.084151 0.130208
0 0.709677 0.659375 0.084151 0.062500
0 0.752454 0.904167 0.085554 0.064583
0 0.301543 0.267188 0.084151 0.063542
0 0.347125 0.864062 0.175316 0.063542
0 0.462132 0.197917 0.175316 0.062500