0 0.343619 0.387500 0.173913 0.062500
0 0.537868 0.386458 0.175316 0.064583
0 0.602384 0.261979 0.175316 0.063542
0 0.754558 0.655208 0.084151 0.131250
0 0.562412 0.566146 0.173913 0.063542
0 0.795933 0.533333 0.175316 0.062500
0 0.382188 0.785937 0.082749 0.128125
0 0.467041 0.466667 0.171108 0.062500
0 0.214586 0.603125 0.084151 0.062500
0 0.542076 0.815625 0.085554 0.064583
0 0.763675 0.270313 0.082749 0.126042
0 0.525947 0.191667 0.084151 0.062500
0 0.863254 0.268229 0.085554 0.063542
0 0.631837 0.134375 0.082749 0.131250