0 0.647966 0.500000 0.084151 0.131250
0 0.636045 0.771354 0.085554 0.130208
0 0.431978 0.489583 0.084151 0.062500
0 0.791024 0.451042 0.171108 0.062500
0 0.861150 0.676042 0.086957 0.131250
0 0.239832 0.160938 0.081346 0.059375
0 0.537167 0.900521 0.171108 0.057292
0 0.322581 0.804688 0.084151 0.063542
0 0.285414 0.573438 0.175316 0.063542
0 0.411641 0.417187 0.175316 0.063542
0 0.771388 0.611979 0.084151 0.130208
0 0.520337 0.493750 0.084151 0.062500
0 0.297335 0.230729 0.081346 0.061458
0 0.331697 0.678646 0.175316 0.130208
0 0.538569 0.287500 0.258065 0.129167