0 0.412342 0.457292 0.168303 0.127083
0 0.552595 0.097917 0.173913 0.064583
0 0.571529 0.396875 0.082749 0.060417
0 0.392707 0.895833 0.084151 0.062500
0 0.490884 0.663021 0.084151 0.130208
0 0.237728 0.375521 0.085554 0.063542
0 0.148668 0.189583 0.084151 0.062500
0 0.133941 0.904687 0.085554 0.130208
0 0.879383 0.513542 0.075736 0.056250
0 0.269285 0.506771 0.084151 0.063542
0 0.732819 0.364063 0.175316 0.063542
0 0.791725 0.880729 0.085554 0.130208
0 0.892006 0.802083 0.084151 0.062500
0 0.168303 0.536458 0.084151 0.129167
0 0.678121 0.622917 0.085554 0.131250