0 0.463534 0.197917 0.085554 0.064583
0 0.306452 0.312500 0.175316 0.062500
0 0.492286 0.794271 0.084151 0.063542
0 0.832398 0.378646 0.175316 0.063542
0 0.422861 0.457813 0.079944 0.059375
0 0.877980 0.905729 0.084151 0.130208
0 0.373773 0.714583 0.175316 0.064583
0 0.574334 0.592187 0.085554 0.130208
0 0.634642 0.234896 0.085554 0.130208
0 0.346424 0.371875 0.075736 0.056250
0 0.194951 0.545312 0.173913 0.130208
0 0.467041 0.594792 0.084151 0.062500
0 0.887798 0.230729 0.081346 0.128125
0 0.234923 0.831771 0.175316 0.063542