0 0.163394 0.769792 0.085554 0.131250
0 0.316269 0.625521 0.172511 0.063542
0 0.550491 0.884375 0.085554 0.129167
0 0.434783 0.777083 0.168303 0.062500
0 0.284712 0.145313 0.084151 0.130208
0 0.539972 0.535417 0.084151 0.193750
0 0.714586 0.620313 0.175316 0.063542
0 0.754558 0.710417 0.084151 0.064583
0 0.774194 0.416667 0.173913 0.062500
0 0.744039 0.324479 0.175316 0.063542
0 0.464937 0.671354 0.082749 0.061458
0 0.598878 0.269792 0.086957 0.131250
0 0.850631 0.707292 0.085554 0.062500
0 0.766480 0.226042 0.085554 0.129167
0 0.887798 0.898958 0.081346 0.060417