0 0.483170 0.464583 0.085554 0.131250
0 0.687237 0.504687 0.173913 0.130208
0 0.731417 0.256771 0.175316 0.063542
0 0.419355 0.779167 0.084151 0.062500
0 0.436185 0.611458 0.084151 0.062500
0 0.895512 0.598437 0.079944 0.059375
0 0.836606 0.708333 0.085554 0.062500
0 0.309257 0.833854 0.085554 0.130208
0 0.429874 0.148958 0.085554 0.064583
0 0.328191 0.539062 0.084151 0.063542
0 0.523142 0.809375 0.084151 0.129167
0 0.784712 0.855208 0.082749 0.062500
0 0.768583 0.185417 0.173913 0.064583
0 0.619916 0.648958 0.084151 0.062500