0 0.561010 0.313542 0.084151 0.062500
0 0.237027 0.264062 0.086957 0.130208
0 0.654979 0.418229 0.173913 0.063542
0 0.433380 0.452604 0.084151 0.130208
0 0.352034 0.633333 0.173913 0.064583
0 0.838710 0.838542 0.173913 0.062500
0 0.605189 0.624479 0.085554 0.063542
0 0.636746 0.164062 0.086957 0.130208
0 0.356241 0.150000 0.084151 0.062500
0 0.180926 0.912500 0.086957 0.131250
0 0.636045 0.541667 0.085554 0.062500
0 0.396914 0.748958 0.084151 0.062500
0 0.899719 0.532813 0.085554 0.130208
0 0.814165 0.940104 0.175316 0.063542
0 0.505610 0.101562 0.175316 0.063542