0 0.661992 0.785937 0.173913 0.130208
0 0.838008 0.330729 0.169705 0.059375
0 0.411641 0.193229 0.085554 0.130208
0 0.391304 0.442708 0.084151 0.062500
0 0.431276 0.719271 0.175316 0.063542
0 0.860449 0.658854 0.085554 0.130208
0 0.831697 0.241146 0.173913 0.063542
0 0.215288 0.588542 0.085554 0.131250
0 0.346424 0.333333 0.084151 0.064583
0 0.294530 0.940104 0.084151 0.063542
0 0.746143 0.688021 0.081346 0.061458
0 0.855540 0.843750 0.084151 0.062500
0 0.280505 0.117708 0.084151 0.062500
0 0.285414 0.739062 0.085554 0.130208
0 0.199158 0.404167 0.084151 0.062500