0 0.799439 0.126562 0.081346 0.061458
0 0.262272 0.156771 0.084151 0.130208
0 0.711781 0.316667 0.175316 0.064583
0 0.563815 0.338021 0.084151 0.063542
0 0.552595 0.452083 0.084151 0.131250
0 0.605891 0.770312 0.173913 0.130208
0 0.843619 0.519271 0.085554 0.130208
0 0.228612 0.879167 0.084151 0.062500
0 0.892006 0.687500 0.084151 0.127083
0 0.856942 0.194792 0.084151 0.062500
0 0.710379 0.187500 0.085554 0.131250
0 0.856241 0.855208 0.175316 0.064583
0 0.258766 0.487500 0.175316 0.062500
0 0.350631 0.663021 0.084151 0.130208
0 0.444600 0.679167 0.084151 0.129167