0 0.852735 0.129688 0.081346 0.059375
0 0.585554 0.203125 0.088359 0.066667
0 0.201964 0.744792 0.084151 0.064583
0 0.448107 0.300000 0.085554 0.064583
0 0.378682 0.513542 0.173913 0.062500
0 0.654278 0.901563 0.085554 0.130208
0 0.724404 0.384375 0.175316 0.131250
0 0.136746 0.432812 0.079944 0.061458
0 0.819776 0.850521 0.079944 0.059375
0 0.727209 0.489063 0.169705 0.061458
0 0.563815 0.336979 0.084151 0.130208
0 0.509116 0.844792 0.173913 0.064583
0 0.204769 0.098437 0.081346 0.061458
0 0.589762 0.672917 0.175316 0.062500