0 0.469846 0.627604 0.173913 0.063542
0 0.574334 0.495312 0.085554 0.130208
0 0.284011 0.847396 0.085554 0.130208
0 0.460028 0.554167 0.084151 0.062500
0 0.718093 0.476562 0.173913 0.063542
0 0.144460 0.455208 0.084151 0.064583
0 0.699158 0.194792 0.169705 0.193750
0 0.490884 0.200000 0.084151 0.131250
0 0.527349 0.350000 0.173913 0.062500
0 0.842917 0.281771 0.084151 0.130208
0 0.330996 0.348958 0.081346 0.062500
0 0.732118 0.879167 0.084151 0.131250
0 0.827489 0.631250 0.081346 0.060417
0 0.347826 0.220312 0.173913 0.194792