0 0.329593 0.825000 0.084151 0.062500
0 0.701964 0.902083 0.172511 0.064583
0 0.631136 0.294271 0.081346 0.059375
0 0.777700 0.539062 0.085554 0.128125
0 0.361851 0.515104 0.086957 0.130208
0 0.190743 0.271875 0.084151 0.064583
0 0.290323 0.202083 0.084151 0.062500
0 0.545582 0.272396 0.081346 0.061458
0 0.890603 0.359375 0.086957 0.129167
0 0.836606 0.819792 0.079944 0.060417
0 0.248247 0.556771 0.081346 0.128125
0 0.768583 0.665104 0.081346 0.121875
0 0.901823 0.569271 0.086957 0.130208
0 0.413745 0.297917 0.173913 0.062500
0 0.539271 0.520312 0.175316 0.063542