0 0.445302 0.608333 0.085554 0.131250
0 0.582749 0.260937 0.085554 0.063542
0 0.697055 0.882292 0.084151 0.062500
0 0.499299 0.809896 0.086957 0.130208
0 0.274194 0.191667 0.172511 0.064583
0 0.140252 0.696354 0.081346 0.059375
0 0.359046 0.292708 0.084151 0.062500
0 0.312062 0.443750 0.082749 0.062500
0 0.263675 0.910417 0.086957 0.129167
0 0.508415 0.455729 0.079944 0.059375
0 0.833801 0.723437 0.175316 0.063542
0 0.825386 0.519792 0.082749 0.062500
0 0.471248 0.145313 0.173913 0.063542
0 0.395512 0.789583 0.084151 0.129167