0 0.737728 0.306250 0.084151 0.064583
0 0.687237 0.742708 0.173913 0.062500
0 0.890603 0.458854 0.086957 0.130208
0 0.681627 0.402083 0.084151 0.062500
0 0.511921 0.241146 0.084151 0.063542
0 0.464236 0.470833 0.084151 0.131250
0 0.693548 0.944792 0.082749 0.060417
0 0.628331 0.269792 0.084151 0.129167
0 0.474755 0.772917 0.085554 0.129167
0 0.240533 0.719271 0.082749 0.128125
0 0.781206 0.562500 0.084151 0.131250
0 0.368864 0.296354 0.084151 0.130208
0 0.817672 0.100521 0.173913 0.063542
0 0.215288 0.208333 0.175316 0.064583
0 0.668303 0.554688 0.085554 0.130208