0 0.411641 0.307292 0.175316 0.062500
0 0.208976 0.712500 0.086957 0.131250
0 0.802244 0.705208 0.084151 0.131250
0 0.846424 0.323437 0.175316 0.063542
0 0.648668 0.796875 0.175316 0.062500
0 0.551192 0.896875 0.081346 0.060417
0 0.532959 0.526563 0.173913 0.063542
0 0.622721 0.121875 0.173913 0.062500
0 0.702665 0.590104 0.084151 0.130208
0 0.609397 0.425521 0.169705 0.061458
0 0.133941 0.820312 0.079944 0.059375
0 0.874474 0.566146 0.085554 0.130208
0 0.823983 0.873958 0.172511 0.062500
0 0.388499 0.452604 0.081346 0.061458