0 0.708976 0.928125 0.085554 0.064583
0 0.578541 0.873437 0.085554 0.063542
0 0.660589 0.140104 0.173913 0.063542
0 0.485273 0.765104 0.084151 0.063542
0 0.283310 0.500000 0.084151 0.127083
0 0.826788 0.470313 0.085554 0.130208
0 0.282609 0.705729 0.085554 0.130208
0 0.632539 0.444271 0.173913 0.063542
0 0.331697 0.131771 0.085554 0.063542
0 0.434783 0.393750 0.173913 0.062500
0 0.569425 0.737500 0.084151 0.062500
0 0.403927 0.914583 0.084151 0.062500
0 0.232819 0.815625 0.173913 0.062500
0 0.173913 0.568750 0.084151 0.131250
0 0.581346 0.578646 0.085554 0.130208