0 0.775596 0.898438 0.084151 0.063542
0 0.704067 0.493750 0.084151 0.062500
0 0.820477 0.551042 0.084151 0.131250
0 0.196353 0.729688 0.084151 0.130208
0 0.636746 0.230208 0.084151 0.062500
0 0.141655 0.630729 0.084151 0.063542
0 0.622020 0.780729 0.085554 0.063542
0 0.488079 0.428125 0.173913 0.062500
0 0.840112 0.294792 0.173913 0.064583
0 0.434081 0.161979 0.169705 0.061458
0 0.540673 0.705729 0.079944 0.059375
0 0.547686 0.625000 0.175316 0.064583
0 0.278401 0.595833 0.175316 0.062500
0 0.274194 0.339583 0.169705 0.193750