0 0.330295 0.905208 0.085554 0.064583
0 0.203366 0.364583 0.086957 0.129167
0 0.357644 0.597396 0.084151 0.063542
0 0.859046 0.318750 0.175316 0.062500
0 0.531557 0.222917 0.173913 0.064583
0 0.276999 0.484375 0.175316 0.062500
0 0.688640 0.646354 0.084151 0.130208
0 0.393408 0.205208 0.079944 0.125000
0 0.178121 0.125521 0.173913 0.063542
0 0.572230 0.928646 0.176718 0.061458
0 0.439691 0.345833 0.175316 0.062500
0 0.687938 0.502083 0.085554 0.062500
0 0.787518 0.096354 0.172511 0.061458
0 0.606592 0.618750 0.079944 0.060417
0 0.715288 0.827604 0.084151 0.130208