0 0.480365 0.848437 0.085554 0.063542
0 0.729313 0.447396 0.084151 0.130208
0 0.664797 0.859375 0.084151 0.062500
0 0.241234 0.818750 0.173913 0.062500
0 0.182328 0.142708 0.081346 0.060417
0 0.535063 0.259896 0.175316 0.063542
0 0.492286 0.155729 0.084151 0.130208
0 0.908836 0.187500 0.078541 0.058333
0 0.772090 0.144792 0.082749 0.062500
0 0.271388 0.648958 0.175316 0.062500
0 0.505610 0.546875 0.082749 0.062500
0 0.805049 0.698438 0.084151 0.130208
0 0.222300 0.430208 0.085554 0.129167
0 0.582048 0.743750 0.173913 0.062500