0 0.227910 0.591146 0.085554 0.061458
0 0.896213 0.246875 0.084151 0.062500
0 0.410238 0.825000 0.175316 0.064583
0 0.450912 0.144271 0.169705 0.059375
0 0.749649 0.267188 0.082749 0.128125
0 0.364656 0.548958 0.173913 0.062500
0 0.845722 0.739583 0.173913 0.062500
0 0.570126 0.806771 0.085554 0.130208
0 0.803647 0.545312 0.081346 0.061458
0 0.600281 0.305729 0.173913 0.063542
0 0.694951 0.859375 0.085554 0.129167
0 0.901122 0.432812 0.085554 0.130208
0 0.551893 0.482812 0.175316 0.063542
0 0.812062 0.147917 0.176718 0.062500
0 0.259467 0.102083 0.084151 0.064583