0 0.591865 0.684375 0.173913 0.062500
0 0.586255 0.875000 0.081346 0.127083
0 0.395512 0.330208 0.084151 0.062500
0 0.248247 0.684896 0.173913 0.063542
0 0.294530 0.944271 0.171108 0.061458
0 0.861851 0.710417 0.079944 0.060417
0 0.311360 0.503646 0.173913 0.063542
0 0.405330 0.811458 0.084151 0.062500
0 0.624825 0.274479 0.175316 0.063542
0 0.730715 0.586458 0.171108 0.062500
0 0.462833 0.504167 0.084151 0.127083
0 0.785414 0.824479 0.084151 0.130208
0 0.461431 0.179167 0.084151 0.060417
0 0.244039 0.869271 0.081346 0.061458
0 0.233520 0.791146 0.175316 0.063542