0 0.405330 0.239063 0.084151 0.063542
0 0.409537 0.466667 0.084151 0.062500
0 0.661992 0.762500 0.084151 0.129167
0 0.542076 0.156250 0.175316 0.062500
0 0.426367 0.810937 0.084151 0.063542
0 0.374474 0.638021 0.081346 0.061458
0 0.872370 0.127604 0.081346 0.061458
0 0.838710 0.624479 0.171108 0.061458
0 0.844320 0.892708 0.084151 0.127083
0 0.649369 0.637500 0.168303 0.060417
0 0.257363 0.720313 0.085554 0.061458
0 0.776999 0.321875 0.084151 0.062500
0 0.433380 0.370833 0.173913 0.058333
0 0.552595 0.269792 0.084151 0.129167
0 0.640954 0.287500 0.078541 0.058333