0 0.210379 0.590625 0.084151 0.062500
0 0.344320 0.305729 0.082749 0.128125
0 0.764376 0.521354 0.084151 0.063542
0 0.690042 0.662500 0.173913 0.127083
0 0.473352 0.469792 0.085554 0.129167
0 0.540673 0.148438 0.175316 0.065625
0 0.858345 0.571875 0.084151 0.062500
0 0.403927 0.809896 0.173913 0.063542
0 0.821879 0.209375 0.084151 0.062500
0 0.210379 0.739062 0.084151 0.063542
0 0.831697 0.329688 0.173913 0.063542
0 0.399719 0.673438 0.084151 0.063542
0 0.331697 0.138542 0.175316 0.062500
0 0.523142 0.322396 0.263675 0.063542