0 0.396914 0.590104 0.173913 0.063542
0 0.169705 0.354687 0.084151 0.063542
0 0.546283 0.422396 0.085554 0.130208
0 0.733520 0.808333 0.081346 0.125000
0 0.329593 0.332292 0.173913 0.064583
0 0.307153 0.855729 0.173913 0.063542
0 0.638850 0.788542 0.085554 0.062500
0 0.723703 0.660417 0.084151 0.062500
0 0.379383 0.919271 0.175316 0.063542
0 0.221599 0.453646 0.173913 0.063542
0 0.555400 0.568750 0.084151 0.131250
0 0.418654 0.484896 0.085554 0.130208
0 0.228612 0.680208 0.086957 0.131250
0 0.437588 0.212500 0.173913 0.064583
0 0.847125 0.519271 0.084151 0.063542