0 0.633941 0.565104 0.081346 0.061458
0 0.755961 0.674479 0.084151 0.130208
0 0.712482 0.304167 0.084151 0.062500
0 0.627630 0.832292 0.175316 0.131250
0 0.255259 0.295833 0.078541 0.112500
0 0.816971 0.934375 0.175316 0.062500
0 0.496494 0.190104 0.086957 0.130208
0 0.188640 0.457292 0.166900 0.127083
0 0.556802 0.676562 0.084151 0.063542
0 0.666199 0.182812 0.173913 0.063542
0 0.877980 0.225000 0.084151 0.062500
0 0.273492 0.900521 0.084151 0.063542
0 0.523142 0.454167 0.084151 0.062500
0 0.231417 0.753646 0.084151 0.130208
0 0.349229 0.230208 0.084151 0.129167