0 0.203366 0.360938 0.084151 0.128125
0 0.272791 0.552604 0.085554 0.063542
0 0.511921 0.654687 0.173913 0.063542
0 0.583450 0.290625 0.086957 0.131250
0 0.500701 0.814583 0.075736 0.116667
0 0.573633 0.167187 0.176718 0.061458
0 0.354137 0.458333 0.175316 0.064583
0 0.683029 0.382292 0.084151 0.062500
0 0.354137 0.746875 0.082749 0.062500
0 0.870266 0.375000 0.085554 0.129167
0 0.879383 0.794271 0.084151 0.063542
0 0.400421 0.290104 0.085554 0.063542
0 0.775596 0.596354 0.173913 0.063542
0 0.795231 0.161979 0.173913 0.130208