0 0.322581 0.296875 0.084151 0.062500
0 0.466339 0.393229 0.085554 0.130208
0 0.208976 0.922917 0.084151 0.062500
0 0.722300 0.530729 0.173913 0.063542
0 0.608696 0.345833 0.075736 0.056250
0 0.422160 0.527083 0.086957 0.131250
0 0.410238 0.891667 0.085554 0.131250
0 0.659187 0.750000 0.084151 0.062500
0 0.159888 0.739062 0.086957 0.130208
0 0.698457 0.264062 0.084151 0.063542
0 0.698457 0.847396 0.173913 0.063542
0 0.464236 0.096875 0.173913 0.062500
0 0.884292 0.653125 0.085554 0.131250
0 0.576438 0.618229 0.173913 0.063542