0 0.621318 0.932813 0.263675 0.063542
0 0.507714 0.720833 0.084151 0.064583
0 0.233520 0.277083 0.077139 0.056250
0 0.689341 0.134896 0.085554 0.130208
0 0.344320 0.097396 0.085554 0.063542
0 0.232118 0.868750 0.175316 0.062500
0 0.502805 0.592187 0.085554 0.130208
0 0.660589 0.575521 0.084151 0.130208
0 0.300842 0.577083 0.082749 0.129167
0 0.692146 0.474479 0.085554 0.063542
0 0.835203 0.676562 0.085554 0.130208
0 0.161290 0.398958 0.081346 0.058333
0 0.565217 0.380729 0.084151 0.130208
0 0.787518 0.235417 0.259467 0.062500