0 0.741234 0.928125 0.085554 0.064583
0 0.870968 0.228646 0.084151 0.063542
0 0.738429 0.602604 0.085554 0.130208
0 0.363254 0.342187 0.086957 0.130208
0 0.899018 0.552083 0.084151 0.131250
0 0.478261 0.454167 0.171108 0.060417
0 0.721599 0.144271 0.079944 0.059375
0 0.516830 0.609896 0.175316 0.063542
0 0.403927 0.811979 0.173913 0.130208
0 0.316971 0.507812 0.084151 0.130208
0 0.147966 0.409896 0.085554 0.063542
0 0.184432 0.285938 0.079944 0.059375
0 0.602384 0.830208 0.085554 0.062500
0 0.894811 0.790625 0.084151 0.062500