0 0.762973 0.819271 0.084151 0.130208
0 0.889902 0.658854 0.085554 0.063542
0 0.427069 0.655729 0.175316 0.063542
0 0.777700 0.448958 0.085554 0.129167
0 0.856942 0.894792 0.084151 0.064583
0 0.600982 0.858333 0.172511 0.129167
0 0.499299 0.221354 0.173913 0.063542
0 0.899018 0.401042 0.084151 0.131250
0 0.506311 0.378125 0.084151 0.062500
0 0.605891 0.546354 0.173913 0.130208
0 0.223001 0.560937 0.084151 0.063542
0 0.589060 0.290625 0.084151 0.064583
0 0.374474 0.349479 0.173913 0.063542
0 0.356241 0.181250 0.084151 0.062500