0 0.446003 0.298958 0.173913 0.062500
0 0.892707 0.408854 0.085554 0.196875
0 0.593268 0.519271 0.173913 0.063542
0 0.898317 0.617708 0.085554 0.062500
0 0.564516 0.635417 0.175316 0.062500
0 0.149369 0.902604 0.077139 0.057292
0 0.606592 0.863542 0.085554 0.129167
0 0.808555 0.722917 0.172511 0.062500
0 0.352034 0.490104 0.173913 0.063542
0 0.859046 0.867188 0.175316 0.063542
0 0.481066 0.857292 0.084151 0.129167
0 0.384292 0.691146 0.084151 0.130208
0 0.619215 0.355208 0.085554 0.064583
0 0.634642 0.155208 0.175316 0.064583
0 0.513324 0.728125 0.171108 0.062500