0 0.626227 0.439063 0.085554 0.130208
0 0.452314 0.350521 0.175316 0.063542
0 0.150070 0.450521 0.078541 0.061458
0 0.566620 0.811979 0.084151 0.063542
0 0.230014 0.882812 0.171108 0.061458
0 0.633941 0.550521 0.084151 0.063542
0 0.845722 0.224479 0.081346 0.061458
0 0.227910 0.619271 0.085554 0.130208
0 0.764376 0.437500 0.084151 0.062500
0 0.321178 0.719792 0.173913 0.062500
0 0.584151 0.686458 0.085554 0.062500
0 0.806452 0.726562 0.173913 0.063542
0 0.791725 0.811979 0.085554 0.063542
0 0.848527 0.455208 0.084151 0.131250
0 0.411641 0.855208 0.175316 0.062500