0 0.722300 0.604688 0.078541 0.061458
0 0.500701 0.873958 0.084151 0.129167
0 0.436185 0.198437 0.173913 0.063542
0 0.574334 0.467708 0.085554 0.131250
0 0.459327 0.613021 0.085554 0.130208
0 0.427770 0.318750 0.168303 0.129167
0 0.753857 0.445833 0.172511 0.127083
0 0.874474 0.697396 0.085554 0.130208
0 0.279102 0.441667 0.173913 0.064583
0 0.325386 0.861979 0.075736 0.057292
0 0.683029 0.217188 0.173913 0.063542
0 0.278401 0.215625 0.085554 0.062500
0 0.741234 0.344271 0.175316 0.063542
0 0.589060 0.586979 0.084151 0.063542
0 0.181627 0.746875 0.175316 0.064583