0 0.299439 0.449479 0.085554 0.063542
0 0.380785 0.293229 0.085554 0.130208
0 0.324684 0.776563 0.085554 0.196875
0 0.781907 0.811979 0.085554 0.063542
0 0.498597 0.170313 0.085554 0.130208
0 0.486676 0.683333 0.084151 0.062500
0 0.666199 0.411979 0.173913 0.063542
0 0.833801 0.918750 0.085554 0.062500
0 0.809958 0.489063 0.175316 0.063542
0 0.635344 0.221354 0.173913 0.130208
0 0.856942 0.669271 0.084151 0.063542
0 0.649369 0.770833 0.086957 0.131250
0 0.204769 0.191146 0.084151 0.130208
0 0.882188 0.388542 0.086957 0.131250
0 0.640252 0.114583 0.175316 0.062500