0 0.597475 0.284375 0.173913 0.062500
0 0.737027 0.543750 0.085554 0.062500
0 0.266480 0.433854 0.173913 0.063542
0 0.520337 0.659375 0.084151 0.131250
0 0.859748 0.148438 0.084151 0.063542
0 0.668303 0.131250 0.175316 0.062500
0 0.579944 0.445833 0.175316 0.062500
0 0.801543 0.911458 0.085554 0.129167
0 0.150070 0.173958 0.086957 0.131250
0 0.776999 0.319792 0.084151 0.062500
0 0.848527 0.437500 0.173913 0.062500
0 0.359046 0.515625 0.173913 0.064583
0 0.490884 0.905208 0.173913 0.062500
0 0.462833 0.769271 0.084151 0.063542
0 0.715989 0.707292 0.175316 0.062500