0 0.419355 0.541667 0.084151 0.062500
0 0.831697 0.499479 0.084151 0.130208
0 0.631136 0.623958 0.171108 0.062500
0 0.352034 0.901042 0.078541 0.118750
0 0.708976 0.532813 0.085554 0.063542
0 0.854137 0.373958 0.084151 0.062500
0 0.136746 0.829167 0.085554 0.062500
0 0.412342 0.341667 0.173913 0.062500
0 0.465638 0.789062 0.173913 0.063542
0 0.308555 0.130729 0.173913 0.063542
0 0.700561 0.228646 0.085554 0.063542
0 0.426367 0.211458 0.084151 0.064583
0 0.603086 0.113021 0.173913 0.063542
0 0.619215 0.356771 0.082749 0.063542
0 0.652174 0.872917 0.173913 0.062500