0 0.377279 0.540104 0.173913 0.130208
0 0.754558 0.594792 0.173913 0.062500
0 0.865358 0.298438 0.084151 0.130208
0 0.194250 0.857812 0.085554 0.130208
0 0.619916 0.119271 0.173913 0.063542
0 0.691445 0.869792 0.084151 0.129167
0 0.404628 0.854167 0.175316 0.062500
0 0.223001 0.350000 0.084151 0.062500
0 0.263675 0.241146 0.084151 0.063542
0 0.713885 0.475000 0.086957 0.131250
0 0.541374 0.795833 0.084151 0.062500
0 0.136045 0.477083 0.084151 0.131250
0 0.387097 0.393229 0.084151 0.063542
0 0.642356 0.218229 0.173913 0.063542
0 0.579243 0.425521 0.171108 0.128125