0 0.488780 0.830208 0.175316 0.062500
0 0.364656 0.245833 0.084151 0.064583
0 0.346424 0.539062 0.173913 0.063542
0 0.902525 0.380729 0.082749 0.128125
0 0.234222 0.282813 0.173913 0.063542
0 0.802945 0.458333 0.079944 0.060417
0 0.340813 0.368750 0.173913 0.064583
0 0.263675 0.664583 0.176718 0.062500
0 0.424965 0.750000 0.084151 0.062500
0 0.623422 0.457813 0.082749 0.061458
0 0.805750 0.728646 0.085554 0.130208
0 0.154278 0.190104 0.081346 0.061458
0 0.782609 0.627604 0.084151 0.063542
0 0.233520 0.820312 0.175316 0.063542