0 0.243338 0.370312 0.085554 0.130208
0 0.597475 0.823438 0.084151 0.196875
0 0.691445 0.406250 0.176718 0.062500
0 0.734923 0.776563 0.173913 0.063542
0 0.409537 0.935417 0.173913 0.064583
0 0.640954 0.240625 0.266480 0.062500
0 0.680224 0.166146 0.173913 0.063542
0 0.256662 0.855729 0.173913 0.061458
0 0.611501 0.597917 0.084151 0.131250
0 0.377980 0.342187 0.082749 0.063542
0 0.414446 0.769271 0.175316 0.063542
0 0.210379 0.188542 0.171108 0.060417
0 0.436886 0.624479 0.085554 0.063542
0 0.854839 0.565104 0.085554 0.130208
0 0.403226 0.186979 0.172511 0.061458