0 0.185835 0.188542 0.085554 0.131250
0 0.268583 0.635417 0.085554 0.129167
0 0.875175 0.383333 0.084151 0.062500
0 0.788219 0.523438 0.173913 0.063542
0 0.316971 0.795312 0.084151 0.063542
0 0.835203 0.905729 0.085554 0.130208
0 0.387097 0.905729 0.171108 0.061458
0 0.353436 0.134375 0.081346 0.129167
0 0.828892 0.787500 0.173913 0.064583
0 0.582048 0.322917 0.084151 0.129167
0 0.264376 0.459375 0.166900 0.062500
0 0.652174 0.813542 0.173913 0.058333
0 0.415147 0.264583 0.084151 0.062500
0 0.252454 0.535417 0.173913 0.062500