0 0.726508 0.647917 0.084151 0.131250
0 0.194951 0.801042 0.081346 0.060417
0 0.564516 0.391667 0.082749 0.060417
0 0.821178 0.247396 0.085554 0.128125
0 0.520337 0.131771 0.084151 0.061458
0 0.637447 0.575521 0.079944 0.059375
0 0.323983 0.486458 0.084151 0.064583
0 0.659187 0.396875 0.084151 0.062500
0 0.498597 0.755208 0.085554 0.062500
0 0.377279 0.134375 0.173913 0.062500
0 0.903226 0.438542 0.084151 0.062500
0 0.787518 0.441667 0.082749 0.062500
0 0.328892 0.619792 0.172511 0.062500
0 0.516129 0.476562 0.084151 0.061458