0 0.751753 0.785417 0.084151 0.062500
0 0.494390 0.294271 0.085554 0.130208
0 0.440393 0.707812 0.081346 0.061458
0 0.423562 0.863021 0.075736 0.057292
0 0.518934 0.509896 0.171108 0.128125
0 0.890603 0.630729 0.084151 0.063542
0 0.818373 0.388021 0.085554 0.130208
0 0.566620 0.763542 0.078541 0.058333
0 0.211080 0.879687 0.169705 0.061458
0 0.478261 0.137500 0.081346 0.125000
0 0.760870 0.877083 0.175316 0.064583
0 0.384292 0.604688 0.078541 0.121875
0 0.244741 0.580729 0.085554 0.063542
0 0.705470 0.265625 0.084151 0.062500
0 0.739130 0.603646 0.084151 0.130208