0 0.708275 0.828646 0.171108 0.128125
0 0.210379 0.516667 0.168303 0.062500
0 0.851332 0.311458 0.084151 0.062500
0 0.238429 0.909896 0.173913 0.063542
0 0.307153 0.289583 0.086957 0.129167
0 0.653576 0.222396 0.173913 0.063542
0 0.504909 0.717708 0.173913 0.062500
0 0.330295 0.721875 0.085554 0.131250
0 0.474755 0.181771 0.079944 0.059375
0 0.395512 0.447917 0.084151 0.062500
0 0.453015 0.614062 0.171108 0.061458
0 0.844320 0.241667 0.081346 0.060417
0 0.423562 0.099479 0.173913 0.063542
0 0.683731 0.325000 0.175316 0.062500
0 0.872370 0.462500 0.078541 0.060417