0 0.730014 0.148958 0.085554 0.062500
0 0.600281 0.369792 0.084151 0.062500
0 0.852735 0.484375 0.086957 0.129167
0 0.670407 0.256250 0.084151 0.062500
0 0.582749 0.631771 0.079944 0.126042
0 0.633240 0.106250 0.085554 0.064583
0 0.521739 0.277083 0.084151 0.062500
0 0.387097 0.427083 0.084151 0.062500
0 0.706171 0.441667 0.085554 0.195833
0 0.453717 0.727083 0.175316 0.064583
0 0.509116 0.836979 0.086957 0.130208
0 0.287518 0.908333 0.084151 0.131250
0 0.501403 0.209896 0.085554 0.063542
0 0.289621 0.628646 0.175316 0.063542