0 0.475456 0.911979 0.084151 0.128125
0 0.860449 0.838021 0.079944 0.126042
0 0.514727 0.764062 0.084151 0.130208
0 0.231417 0.279167 0.173913 0.062500
0 0.886396 0.561458 0.084151 0.062500
0 0.492286 0.273438 0.173913 0.063542
0 0.819776 0.371354 0.085554 0.063542
0 0.845021 0.704167 0.085554 0.129167
0 0.680224 0.787500 0.084151 0.129167
0 0.249649 0.152083 0.084151 0.062500
0 0.552595 0.149479 0.084151 0.130208
0 0.765778 0.535417 0.084151 0.131250
0 0.367461 0.733854 0.084151 0.063542
0 0.708275 0.434375 0.173913 0.062500
0 0.237728 0.807292 0.085554 0.064583