0 0.368864 0.747917 0.086957 0.131250
0 0.482468 0.165104 0.078541 0.059375
0 0.361150 0.236458 0.175316 0.062500
0 0.851332 0.231250 0.084151 0.062500
0 0.478962 0.476562 0.175316 0.063542
0 0.609397 0.598437 0.175316 0.063542
0 0.201964 0.321875 0.084151 0.129167
0 0.175316 0.527604 0.173913 0.194792
0 0.511921 0.698438 0.173913 0.063542
0 0.889201 0.890104 0.084151 0.063542
0 0.361851 0.374479 0.173913 0.130208
0 0.642356 0.253125 0.173913 0.062500
0 0.801543 0.835417 0.085554 0.064583
0 0.726508 0.117708 0.168303 0.062500
0 0.329593 0.171875 0.173913 0.062500