0 0.378682 0.496354 0.084151 0.130208
0 0.648668 0.317708 0.251052 0.129167
0 0.624825 0.167708 0.085554 0.129167
0 0.272090 0.510938 0.084151 0.063542
0 0.743338 0.750521 0.084151 0.063542
0 0.813464 0.661979 0.084151 0.063542
0 0.218794 0.642188 0.084151 0.130208
0 0.622721 0.639583 0.173913 0.062500
0 0.334502 0.352604 0.085554 0.130208
0 0.330295 0.901563 0.175316 0.063542
0 0.568724 0.880729 0.077139 0.059375
0 0.155680 0.247396 0.084151 0.063542
0 0.816269 0.413542 0.078541 0.058333
0 0.463534 0.319792 0.085554 0.129167