0 0.159888 0.888542 0.084151 0.062500
0 0.808555 0.354167 0.085554 0.131250
0 0.307153 0.295833 0.084151 0.129167
0 0.549790 0.271875 0.173913 0.064583
0 0.235624 0.776042 0.084151 0.062500
0 0.457924 0.425521 0.175316 0.063542
0 0.541374 0.180208 0.173913 0.062500
0 0.587658 0.401042 0.081346 0.125000
0 0.362553 0.917188 0.172511 0.065625
0 0.841515 0.686458 0.084151 0.062500
0 0.795231 0.773958 0.081346 0.062500
0 0.785414 0.185938 0.086957 0.130208
0 0.660589 0.783854 0.081346 0.061458
0 0.767181 0.561979 0.084151 0.130208