0 0.884292 0.804167 0.085554 0.131250
0 0.474053 0.207292 0.084151 0.062500
0 0.649369 0.704688 0.173913 0.063542
0 0.684432 0.134896 0.084151 0.130208
0 0.338008 0.476042 0.084151 0.129167
0 0.169004 0.781771 0.085554 0.130208
0 0.352034 0.658854 0.086957 0.130208
0 0.151473 0.371354 0.081346 0.061458
0 0.136746 0.185938 0.082749 0.190625
0 0.733520 0.427604 0.173913 0.063542
0 0.483170 0.713542 0.085554 0.131250
0 0.753156 0.534375 0.081346 0.129167
0 0.203366 0.630208 0.173913 0.064583
0 0.190743 0.883333 0.084151 0.062500
0 0.701262 0.636458 0.173913 0.062500