0 0.378682 0.781250 0.084151 0.062500
0 0.610098 0.848958 0.084151 0.062500
0 0.837307 0.354167 0.173913 0.064583
0 0.761571 0.243750 0.086957 0.129167
0 0.309958 0.542188 0.081346 0.061458
0 0.884993 0.693750 0.084151 0.131250
0 0.542777 0.216667 0.084151 0.131250
0 0.608696 0.935417 0.084151 0.062500
0 0.589762 0.648958 0.085554 0.129167
0 0.270687 0.380208 0.084151 0.129167
0 0.370266 0.257292 0.084151 0.129167
0 0.814165 0.841146 0.079944 0.126042
0 0.492286 0.393750 0.084151 0.131250
0 0.338008 0.866667 0.176718 0.062500
0 0.799439 0.138021 0.263675 0.063542