0 0.882188 0.731250 0.084151 0.062500
0 0.754558 0.858854 0.173913 0.063542
0 0.297335 0.557813 0.086957 0.130208
0 0.572931 0.362500 0.175316 0.062500
0 0.251753 0.434896 0.175316 0.063542
0 0.796634 0.218229 0.173913 0.063542
0 0.264376 0.201042 0.085554 0.129167
0 0.384292 0.845313 0.173913 0.063542
0 0.848527 0.429167 0.084151 0.062500
0 0.728612 0.632812 0.085554 0.196875
0 0.441795 0.176563 0.084151 0.063542
0 0.845722 0.313542 0.173913 0.062500
0 0.130435 0.823958 0.084151 0.062500
0 0.590463 0.427083 0.084151 0.062500
0 0.586255 0.828646 0.084151 0.130208