0 0.209677 0.607292 0.082749 0.062500
0 0.252454 0.183333 0.168303 0.129167
0 0.750351 0.521354 0.084151 0.063542
0 0.305049 0.553646 0.085554 0.130208
0 0.208275 0.365104 0.085554 0.130208
0 0.751753 0.620833 0.084151 0.131250
0 0.791024 0.796875 0.084151 0.062500
0 0.420757 0.207292 0.084151 0.062500
0 0.538569 0.570312 0.084151 0.130208
0 0.766480 0.164583 0.085554 0.129167
0 0.685835 0.814583 0.084151 0.062500
0 0.199860 0.682813 0.085554 0.063542
0 0.793128 0.418750 0.085554 0.129167
0 0.543478 0.810937 0.175316 0.063542
0 0.904628 0.638542 0.084151 0.062500