0 0.502104 0.833854 0.084151 0.063542
0 0.597475 0.477604 0.084151 0.130208
0 0.880785 0.177604 0.084151 0.130208
0 0.816971 0.422396 0.175316 0.063542
0 0.875175 0.312500 0.086957 0.131250
0 0.205470 0.604688 0.175316 0.063542
0 0.359748 0.650521 0.085554 0.063542
0 0.675316 0.329167 0.085554 0.129167
0 0.309958 0.878646 0.173913 0.063542
0 0.779102 0.154688 0.085554 0.130208
0 0.805049 0.898438 0.176718 0.061458
0 0.287518 0.768750 0.173913 0.062500
0 0.797335 0.637500 0.172511 0.064583
0 0.442496 0.535937 0.085554 0.130208