0 0.298738 0.624479 0.084151 0.063542
0 0.264376 0.358333 0.085554 0.131250
0 0.490884 0.095833 0.081346 0.060417
0 0.339411 0.509375 0.081346 0.125000
0 0.178121 0.153125 0.084151 0.129167
0 0.467742 0.385417 0.175316 0.064583
0 0.382889 0.255208 0.084151 0.064583
0 0.503506 0.544792 0.173913 0.062500
0 0.574334 0.710417 0.082749 0.062500
0 0.570126 0.846354 0.085554 0.130208
0 0.723703 0.457292 0.084151 0.062500
0 0.312062 0.894792 0.172511 0.129167
0 0.901823 0.898958 0.084151 0.129167
0 0.533661 0.463542 0.175316 0.064583