0 0.608696 0.292708 0.084151 0.131250
0 0.728612 0.610938 0.079944 0.059375
0 0.418654 0.793750 0.082749 0.062500
0 0.776999 0.218229 0.081346 0.061458
0 0.234923 0.143229 0.085554 0.130208
0 0.750351 0.421875 0.081346 0.129167
0 0.732819 0.883854 0.085554 0.063542
0 0.246844 0.407292 0.173913 0.064583
0 0.481767 0.682292 0.175316 0.062500
0 0.583450 0.454167 0.173913 0.062500
0 0.396914 0.462500 0.084151 0.062500
0 0.833100 0.891146 0.078541 0.121875
0 0.520337 0.900521 0.173913 0.063542
0 0.666199 0.190625 0.084151 0.062500