0 0.884993 0.938542 0.084151 0.062500
0 0.352034 0.533333 0.084151 0.131250
0 0.814867 0.348958 0.084151 0.129167
0 0.450912 0.239063 0.085554 0.130208
0 0.878682 0.199479 0.085554 0.063542
0 0.318373 0.845833 0.086957 0.131250
0 0.726508 0.727083 0.173913 0.129167
0 0.798036 0.514583 0.084151 0.060417
0 0.708976 0.335417 0.085554 0.064583
0 0.504909 0.628646 0.084151 0.130208
0 0.606592 0.252083 0.085554 0.129167
0 0.471248 0.728125 0.173913 0.062500
0 0.302945 0.168229 0.173913 0.063542
0 0.231417 0.621354 0.081346 0.128125