0 0.375175 0.865625 0.175316 0.062500
0 0.716690 0.607812 0.084151 0.061458
0 0.671108 0.373437 0.085554 0.063542
0 0.507714 0.689063 0.173913 0.063542
0 0.762272 0.476562 0.175316 0.063542
0 0.678822 0.277083 0.084151 0.062500
0 0.413043 0.146875 0.175316 0.062500
0 0.661290 0.179167 0.169705 0.062500
0 0.569425 0.360417 0.084151 0.062500
0 0.744039 0.708333 0.172511 0.062500
0 0.286816 0.476042 0.175316 0.062500
0 0.802244 0.146875 0.084151 0.131250
0 0.375175 0.678125 0.085554 0.129167
0 0.142356 0.250521 0.085554 0.063542