0 0.469846 0.293229 0.173913 0.063542
0 0.533661 0.882812 0.085554 0.063542
0 0.875175 0.390104 0.084151 0.063542
0 0.524544 0.496875 0.173913 0.062500
0 0.539972 0.190625 0.084151 0.131250
0 0.902525 0.766146 0.085554 0.130208
0 0.783310 0.619792 0.085554 0.131250
0 0.651473 0.359375 0.085554 0.129167
0 0.669004 0.170313 0.084151 0.063542
0 0.176718 0.686458 0.173913 0.064583
0 0.401823 0.097917 0.085554 0.064583
0 0.798036 0.172917 0.084151 0.131250
0 0.208275 0.515104 0.085554 0.063542
0 0.314165 0.647917 0.084151 0.131250