0 0.753156 0.566667 0.173913 0.064583
0 0.504909 0.859375 0.086957 0.131250
0 0.607994 0.853646 0.085554 0.063542
0 0.553296 0.142708 0.175316 0.062500
0 0.521038 0.571354 0.169705 0.126042
0 0.732118 0.429167 0.084151 0.062500
0 0.896213 0.585417 0.081346 0.060417
0 0.545582 0.414583 0.171108 0.062500
0 0.294530 0.338021 0.084151 0.063542
0 0.488079 0.223438 0.084151 0.063542
0 0.387097 0.583333 0.084151 0.062500
0 0.530856 0.667708 0.175316 0.062500
0 0.467041 0.306771 0.084151 0.063542
0 0.382889 0.809375 0.084151 0.129167
0 0.833100 0.930729 0.173913 0.063542