0 0.791024 0.814583 0.171108 0.060417
0 0.521038 0.859896 0.175316 0.063542
0 0.301543 0.595833 0.084151 0.129167
0 0.713184 0.695833 0.175316 0.062500
0 0.307153 0.164583 0.081346 0.060417
0 0.286115 0.435937 0.084151 0.130208
0 0.506311 0.504167 0.173913 0.064583
0 0.769986 0.348438 0.086957 0.130208
0 0.561010 0.610938 0.173913 0.063542
0 0.624123 0.430208 0.084151 0.064583
0 0.221599 0.792188 0.084151 0.063542
0 0.245442 0.927604 0.173913 0.063542
0 0.600982 0.284896 0.175316 0.063542
0 0.707574 0.523438 0.077139 0.057292
0 0.567321 0.786458 0.175316 0.062500