0 0.453015 0.569271 0.173913 0.063542
0 0.659187 0.123958 0.173913 0.062500
0 0.880084 0.840625 0.085554 0.131250
0 0.582749 0.331771 0.175316 0.063542
0 0.588359 0.850521 0.175316 0.063542
0 0.338008 0.838542 0.173913 0.058333
0 0.401122 0.307292 0.084151 0.064583
0 0.789621 0.427604 0.084151 0.130208
0 0.255259 0.471875 0.173913 0.062500
0 0.408135 0.458333 0.075736 0.056250
0 0.879383 0.573958 0.084151 0.064583
0 0.539972 0.783854 0.173913 0.063542
0 0.653576 0.936458 0.084151 0.062500
0 0.346424 0.163542 0.168303 0.127083
0 0.514727 0.459375 0.084151 0.062500