0 0.673212 0.426042 0.084151 0.062500
0 0.338008 0.912500 0.173913 0.064583
0 0.603086 0.932292 0.173913 0.064583
0 0.352735 0.384896 0.169705 0.061458
0 0.314165 0.714063 0.086957 0.130208
0 0.186536 0.830729 0.173913 0.063542
0 0.154278 0.194792 0.084151 0.129167
0 0.432679 0.211979 0.085554 0.063542
0 0.640252 0.180208 0.085554 0.129167
0 0.861150 0.633854 0.173913 0.130208
0 0.842917 0.389062 0.084151 0.130208
0 0.185133 0.461979 0.173913 0.063542
0 0.401823 0.750521 0.085554 0.130208
0 0.474053 0.906250 0.084151 0.062500