0 0.400421 0.225521 0.085554 0.130208
0 0.739130 0.434375 0.173913 0.064583
0 0.321178 0.483854 0.084151 0.196875
0 0.150771 0.419792 0.085554 0.129167
0 0.814867 0.227083 0.173913 0.062500
0 0.579243 0.776563 0.084151 0.063542
0 0.868864 0.832812 0.085554 0.063542
0 0.366059 0.838542 0.173913 0.064583
0 0.738429 0.647917 0.085554 0.062500
0 0.414446 0.420833 0.085554 0.195833
0 0.602384 0.595313 0.085554 0.130208
0 0.848527 0.753125 0.173913 0.062500
0 0.189341 0.195833 0.173913 0.062500
0 0.514727 0.370312 0.084151 0.063542
0 0.221599 0.112500 0.173913 0.064583