0 0.369565 0.838021 0.085554 0.063542
0 0.602384 0.426042 0.175316 0.064583
0 0.607994 0.703646 0.085554 0.130208
0 0.727209 0.350521 0.175316 0.063542
0 0.903927 0.647917 0.079944 0.125000
0 0.516129 0.753646 0.084151 0.063542
0 0.255961 0.153125 0.082749 0.062500
0 0.612903 0.247396 0.173913 0.063542
0 0.460028 0.352083 0.084151 0.062500
0 0.629734 0.582292 0.084151 0.062500
0 0.343619 0.645833 0.084151 0.062500
0 0.363254 0.523438 0.173913 0.063542
0 0.870968 0.779167 0.084151 0.129167
0 0.246844 0.836979 0.084151 0.130208