0 0.431978 0.136458 0.084151 0.062500
0 0.570126 0.500000 0.175316 0.064583
0 0.191445 0.411979 0.172511 0.061458
0 0.342917 0.723958 0.085554 0.131250
0 0.467041 0.199479 0.084151 0.063542
0 0.460729 0.619792 0.175316 0.062500
0 0.332398 0.322917 0.086957 0.062500
0 0.679523 0.885938 0.085554 0.063542
0 0.202665 0.502083 0.175316 0.062500
0 0.199158 0.940104 0.084151 0.063542
0 0.694951 0.161979 0.085554 0.063542
0 0.862553 0.783333 0.171108 0.062500
0 0.781907 0.660937 0.085554 0.063542
0 0.556802 0.756771 0.173913 0.063542