0 0.419355 0.277083 0.084151 0.062500
0 0.204769 0.366667 0.173913 0.064583
0 0.474755 0.149479 0.085554 0.130208
0 0.217391 0.521875 0.084151 0.062500
0 0.473352 0.866146 0.085554 0.130208
0 0.221599 0.708333 0.084151 0.062500
0 0.280505 0.137500 0.084151 0.064583
0 0.747546 0.732292 0.086957 0.131250
0 0.803647 0.204167 0.084151 0.062500
0 0.483871 0.503125 0.084151 0.062500
0 0.714586 0.354167 0.164095 0.062500
0 0.417952 0.727083 0.171108 0.062500
0 0.241935 0.845313 0.082749 0.128125
0 0.701262 0.246875 0.084151 0.131250
0 0.134642 0.893229 0.086957 0.130208