0 0.191445 0.200521 0.085554 0.130208
0 0.709677 0.528646 0.084151 0.130208
0 0.812062 0.417708 0.084151 0.062500
0 0.549088 0.500000 0.175316 0.062500
0 0.326788 0.772917 0.173913 0.062500
0 0.339411 0.685417 0.075736 0.056250
0 0.842216 0.811458 0.085554 0.064583
0 0.133941 0.494792 0.082749 0.131250
0 0.696353 0.192708 0.085554 0.129167
0 0.536466 0.252604 0.082749 0.128125
0 0.206171 0.703125 0.162693 0.056250
0 0.841515 0.533333 0.173913 0.127083
0 0.298738 0.565625 0.086957 0.131250
0 0.463534 0.118750 0.169705 0.062500
0 0.549790 0.870313 0.086957 0.130208