0 0.544180 0.766146 0.173913 0.063542
0 0.854839 0.398958 0.175316 0.062500
0 0.410940 0.911458 0.084151 0.129167
0 0.749649 0.499479 0.085554 0.130208
0 0.480365 0.670833 0.175316 0.064583
0 0.847125 0.933854 0.084151 0.063542
0 0.861150 0.272396 0.173913 0.063542
0 0.144460 0.247917 0.084151 0.062500
0 0.134642 0.370833 0.084151 0.062500
0 0.680926 0.848437 0.085554 0.130208
0 0.617111 0.339062 0.084151 0.063542
0 0.553997 0.190625 0.084151 0.062500
0 0.492286 0.407292 0.084151 0.062500
0 0.416550 0.330208 0.173913 0.064583
0 0.221599 0.445833 0.084151 0.129167