0 0.744741 0.523438 0.084151 0.128125
0 0.650070 0.397396 0.085554 0.063542
0 0.746844 0.198958 0.085554 0.131250
0 0.313464 0.799479 0.085554 0.063542
0 0.332398 0.908333 0.173913 0.062500
0 0.532959 0.883854 0.084151 0.063542
0 0.378682 0.595313 0.084151 0.130208
0 0.504208 0.453125 0.085554 0.131250
0 0.853436 0.900521 0.175316 0.063542
0 0.866760 0.755208 0.084151 0.062500
0 0.539972 0.771354 0.171108 0.128125
0 0.257363 0.417187 0.175316 0.063542
0 0.661992 0.320833 0.173913 0.062500
0 0.133240 0.660417 0.084151 0.131250
0 0.862553 0.186458 0.081346 0.062500