0 0.408135 0.208333 0.078541 0.058333
0 0.835203 0.418750 0.172511 0.062500
0 0.406031 0.362500 0.175316 0.064583
0 0.273492 0.311458 0.084151 0.064583
0 0.441795 0.681771 0.084151 0.130208
0 0.753857 0.247396 0.085554 0.128125
0 0.783310 0.508854 0.172511 0.063542
0 0.246844 0.556250 0.084151 0.062500
0 0.767882 0.108333 0.175316 0.062500
0 0.499299 0.824479 0.173913 0.063542
0 0.715288 0.809896 0.173913 0.063542
0 0.469846 0.504167 0.084151 0.062500
0 0.265778 0.628125 0.172511 0.062500
0 0.136045 0.542188 0.084151 0.063542