0 0.764376 0.143229 0.084151 0.130208
0 0.798738 0.905208 0.085554 0.062500
0 0.270687 0.251563 0.084151 0.063542
0 0.833801 0.667188 0.085554 0.130208
0 0.728612 0.385937 0.085554 0.130208
0 0.351332 0.891667 0.175316 0.062500
0 0.187938 0.643229 0.084151 0.063542
0 0.312763 0.817187 0.173913 0.063542
0 0.377279 0.314063 0.084151 0.130208
0 0.208275 0.422917 0.085554 0.064583
0 0.377980 0.650521 0.175316 0.063542
0 0.551893 0.832812 0.085554 0.130208
0 0.390603 0.435937 0.262272 0.063542
0 0.289621 0.741146 0.082749 0.063542