0 0.507013 0.347917 0.175316 0.064583
0 0.478261 0.781771 0.084151 0.063542
0 0.672511 0.779167 0.259467 0.062500
0 0.276999 0.813021 0.085554 0.130208
0 0.870968 0.684896 0.084151 0.130208
0 0.281206 0.469271 0.085554 0.130208
0 0.472651 0.657292 0.173913 0.127083
0 0.302945 0.324479 0.084151 0.063542
0 0.635344 0.496875 0.084151 0.131250
0 0.632539 0.128125 0.173913 0.062500
0 0.218093 0.638542 0.085554 0.131250
0 0.816269 0.567708 0.173913 0.062500
0 0.432679 0.157812 0.085554 0.128125
0 0.189341 0.171875 0.173913 0.062500
0 0.826087 0.305208 0.084151 0.062500