0 0.840813 0.857812 0.175316 0.063542
0 0.340112 0.543229 0.262272 0.063542
0 0.652875 0.440104 0.077139 0.057292
0 0.594670 0.360938 0.173913 0.063542
0 0.412342 0.832812 0.084151 0.130208
0 0.803647 0.189583 0.084151 0.129167
0 0.319776 0.225000 0.084151 0.062500
0 0.556802 0.844792 0.084151 0.129167
0 0.448808 0.180208 0.173913 0.064583
0 0.707574 0.507812 0.175316 0.063542
0 0.179523 0.430208 0.084151 0.064583
0 0.206872 0.904167 0.175316 0.062500
0 0.833801 0.593750 0.085554 0.064583
0 0.176718 0.273958 0.084151 0.062500
0 0.725105 0.586458 0.084151 0.064583