0 0.516830 0.921875 0.085554 0.064583
0 0.217391 0.123958 0.173913 0.062500
0 0.855540 0.251563 0.084151 0.128125
0 0.366059 0.897396 0.084151 0.130208
0 0.775596 0.850000 0.078541 0.060417
0 0.253156 0.755729 0.172511 0.128125
0 0.394811 0.679688 0.082749 0.128125
0 0.548387 0.573958 0.173913 0.062500
0 0.789621 0.420312 0.171108 0.057292
0 0.700561 0.178125 0.172511 0.062500
0 0.599579 0.371354 0.175316 0.063542
0 0.344320 0.476042 0.082749 0.062500
0 0.636746 0.282292 0.171108 0.064583
0 0.817672 0.356250 0.084151 0.064583
0 0.556802 0.854167 0.173913 0.064583