0 0.509116 0.173958 0.084151 0.064583
0 0.277700 0.888542 0.084151 0.062500
0 0.168303 0.166667 0.084151 0.131250
0 0.374474 0.131250 0.084151 0.062500
0 0.901823 0.737500 0.084151 0.129167
0 0.490884 0.620833 0.266480 0.062500
0 0.709677 0.166667 0.084151 0.131250
0 0.481066 0.294792 0.084151 0.062500
0 0.267882 0.483854 0.084151 0.063542
0 0.799439 0.466146 0.084151 0.130208
0 0.308555 0.738542 0.084151 0.062500
0 0.670407 0.634375 0.084151 0.129167
0 0.519635 0.854688 0.085554 0.130208
0 0.433380 0.385417 0.084151 0.064583
0 0.176718 0.657292 0.084151 0.127083