0 0.332398 0.839063 0.173913 0.063542
0 0.191445 0.227604 0.175316 0.063542
0 0.732118 0.581771 0.084151 0.063542
0 0.676017 0.456250 0.081346 0.062500
0 0.657083 0.795312 0.079944 0.126042
0 0.796634 0.358333 0.084151 0.062500
0 0.308555 0.333333 0.173913 0.064583
0 0.405330 0.543750 0.084151 0.129167
0 0.856241 0.457292 0.085554 0.129167
0 0.245442 0.409896 0.173913 0.063542
0 0.814867 0.278125 0.173913 0.064583
0 0.525245 0.379167 0.175316 0.064583
0 0.416550 0.641667 0.084151 0.060417
0 0.584853 0.927604 0.173913 0.063542