0 0.241935 0.165104 0.085554 0.063542
0 0.430575 0.466667 0.078541 0.060417
0 0.185133 0.573958 0.173913 0.062500
0 0.671108 0.559896 0.175316 0.063542
0 0.546283 0.755729 0.085554 0.063542
0 0.366059 0.840625 0.075736 0.056250
0 0.771388 0.883854 0.084151 0.130208
0 0.708976 0.298958 0.085554 0.062500
0 0.441795 0.698958 0.084151 0.062500
0 0.469144 0.636458 0.172511 0.062500
0 0.765778 0.217708 0.084151 0.064583
0 0.281907 0.753125 0.084151 0.062500
0 0.580645 0.146875 0.084151 0.062500
0 0.640954 0.808333 0.084151 0.131250