0 0.758065 0.492708 0.082749 0.131250
0 0.450210 0.926042 0.084151 0.062500
0 0.798036 0.766667 0.075736 0.116667
0 0.569425 0.602083 0.084151 0.129167
0 0.455820 0.360938 0.173913 0.130208
0 0.281206 0.660937 0.085554 0.063542
0 0.689341 0.329688 0.175316 0.063542
0 0.153576 0.143229 0.085554 0.128125
0 0.365358 0.779687 0.079944 0.059375
0 0.847826 0.946354 0.175316 0.063542
0 0.622020 0.264062 0.085554 0.063542
0 0.704067 0.868750 0.084151 0.062500
0 0.242637 0.434375 0.084151 0.062500
0 0.224404 0.939583 0.173913 0.064583
0 0.136746 0.688021 0.085554 0.130208