0 0.701262 0.303125 0.081346 0.062500
0 0.884993 0.306771 0.081346 0.059375
0 0.492987 0.497917 0.082749 0.060417
0 0.856241 0.512500 0.175316 0.062500
0 0.607994 0.902604 0.175316 0.063542
0 0.162693 0.653646 0.084151 0.061458
0 0.298738 0.398958 0.078541 0.118750
0 0.552595 0.744271 0.084151 0.063542
0 0.206872 0.243750 0.175316 0.064583
0 0.711781 0.482292 0.085554 0.129167
0 0.453015 0.291667 0.084151 0.062500
0 0.796634 0.178125 0.173913 0.062500
0 0.418654 0.119792 0.082749 0.062500
0 0.618513 0.141667 0.173913 0.062500
0 0.886396 0.871875 0.084151 0.129167