0 0.608696 0.619271 0.078541 0.061458
0 0.546283 0.900521 0.175316 0.063542
0 0.288920 0.390625 0.084151 0.129167
0 0.326788 0.899479 0.084151 0.130208
0 0.663394 0.371875 0.081346 0.129167
0 0.213885 0.243229 0.079944 0.061458
0 0.533661 0.200000 0.085554 0.131250
0 0.443899 0.114062 0.082749 0.063542
0 0.486676 0.592708 0.084151 0.062500
0 0.535764 0.820833 0.173913 0.064583
0 0.798738 0.851042 0.166900 0.127083
0 0.169705 0.493750 0.084151 0.064583
0 0.321178 0.606771 0.084151 0.063542
0 0.806452 0.118750 0.075736 0.056250
0 0.394109 0.696875 0.173913 0.062500