0 0.744741 0.919271 0.173913 0.063542
0 0.622020 0.555729 0.079944 0.059375
0 0.377279 0.459375 0.084151 0.131250
0 0.155680 0.450521 0.086957 0.130208
0 0.841515 0.176563 0.084151 0.130208
0 0.373072 0.684896 0.173913 0.063542
0 0.809958 0.843750 0.175316 0.062500
0 0.430575 0.200000 0.173913 0.062500
0 0.607293 0.842708 0.084151 0.193750
0 0.245442 0.779687 0.084151 0.063542
0 0.130435 0.345833 0.081346 0.060417
0 0.845722 0.600521 0.086957 0.130208
0 0.668303 0.126042 0.175316 0.064583
0 0.830996 0.451042 0.175316 0.062500