0 0.173913 0.736979 0.084151 0.063542
0 0.558906 0.695833 0.175316 0.064583
0 0.218794 0.442708 0.084151 0.193750
0 0.427770 0.342708 0.084151 0.062500
0 0.696353 0.901563 0.085554 0.130208
0 0.385694 0.596875 0.086957 0.129167
0 0.731417 0.484375 0.169705 0.193750
0 0.604488 0.266146 0.086957 0.130208
0 0.361851 0.241667 0.176718 0.062500
0 0.690743 0.617708 0.085554 0.062500
0 0.462833 0.945833 0.081346 0.060417
0 0.323282 0.833333 0.085554 0.064583
0 0.826087 0.320833 0.086957 0.129167
0 0.201964 0.231771 0.084151 0.128125