0 0.548387 0.511979 0.086957 0.130208
0 0.521739 0.276042 0.084151 0.062500
0 0.258766 0.147396 0.085554 0.130208
0 0.154278 0.817708 0.084151 0.062500
0 0.540673 0.411458 0.175316 0.064583
0 0.758766 0.192708 0.173913 0.064583
0 0.866760 0.294792 0.081346 0.060417
0 0.714586 0.471875 0.085554 0.129167
0 0.363254 0.701042 0.162693 0.056250
0 0.181627 0.593229 0.085554 0.063542
0 0.457223 0.133333 0.266480 0.062500
0 0.774194 0.574479 0.173913 0.063542
0 0.799439 0.099479 0.084151 0.063542
0 0.766480 0.932813 0.085554 0.063542
0 0.675316 0.798438 0.085554 0.063542