0 0.676017 0.177083 0.084151 0.062500
0 0.715288 0.690625 0.084151 0.062500
0 0.361150 0.311979 0.085554 0.130208
0 0.626928 0.686458 0.084151 0.129167
0 0.561711 0.460417 0.164095 0.062500
0 0.880785 0.420833 0.084151 0.129167
0 0.650070 0.307292 0.175316 0.064583
0 0.580645 0.871875 0.084151 0.129167
0 0.152174 0.659896 0.085554 0.063542
0 0.772791 0.423958 0.084151 0.062500
0 0.409537 0.780208 0.084151 0.129167
0 0.208976 0.541667 0.084151 0.131250
0 0.308555 0.637500 0.084151 0.064583
0 0.507714 0.289583 0.086957 0.131250