0 0.672511 0.555729 0.079944 0.059375
0 0.531557 0.188542 0.173913 0.058333
0 0.427770 0.523958 0.084151 0.062500
0 0.570126 0.576042 0.085554 0.129167
0 0.807854 0.849479 0.173913 0.063542
0 0.316269 0.447917 0.175316 0.064583
0 0.597475 0.309896 0.086957 0.130208
0 0.307153 0.646354 0.173913 0.063542
0 0.323983 0.322917 0.084151 0.062500
0 0.771388 0.426563 0.173913 0.063542
0 0.591865 0.903125 0.086957 0.129167
0 0.308555 0.860417 0.173913 0.062500
0 0.722300 0.750521 0.173913 0.063542
0 0.502805 0.433333 0.175316 0.064583
0 0.474053 0.780208 0.084151 0.062500