0 0.382889 0.695833 0.173913 0.062500
0 0.791725 0.388021 0.085554 0.063542
0 0.455119 0.222396 0.175316 0.063542
0 0.378682 0.380208 0.084151 0.129167
0 0.250351 0.768229 0.085554 0.130208
0 0.141655 0.201563 0.084151 0.196875
0 0.260870 0.482812 0.084151 0.063542
0 0.530154 0.444271 0.173913 0.061458
0 0.874474 0.905729 0.079944 0.059375
0 0.821178 0.579167 0.175316 0.062500
0 0.608696 0.558854 0.173913 0.130208
0 0.755961 0.665104 0.173913 0.063542
0 0.516129 0.323958 0.084151 0.064583
0 0.830996 0.168229 0.175316 0.063542