0 0.506311 0.319792 0.084151 0.129167
0 0.227209 0.417708 0.173913 0.062500
0 0.542777 0.882292 0.084151 0.062500
0 0.864656 0.357812 0.085554 0.128125
0 0.611501 0.404687 0.084151 0.063542
0 0.856942 0.658333 0.084151 0.062500
0 0.461431 0.756250 0.084151 0.062500
0 0.480365 0.651563 0.175316 0.063542
0 0.313464 0.516667 0.085554 0.131250
0 0.329593 0.134896 0.173913 0.063542
0 0.405330 0.460417 0.084151 0.062500
0 0.844320 0.902604 0.173913 0.063542
0 0.615708 0.281250 0.081346 0.062500
0 0.220898 0.619271 0.085554 0.063542
0 0.410940 0.822396 0.084151 0.063542