0 0.626928 0.202083 0.168303 0.060417
0 0.249649 0.352604 0.173913 0.063542
0 0.518934 0.370312 0.084151 0.063542
0 0.672511 0.674479 0.085554 0.063542
0 0.598878 0.125521 0.084151 0.063542
0 0.234222 0.658333 0.173913 0.062500
0 0.539972 0.638542 0.084151 0.062500
0 0.497896 0.510417 0.084151 0.131250
0 0.370968 0.810417 0.175316 0.064583
0 0.529453 0.880729 0.085554 0.063542
0 0.276297 0.471875 0.173913 0.062500
0 0.833801 0.364063 0.085554 0.063542
0 0.647966 0.567708 0.084151 0.127083
0 0.359748 0.722396 0.175316 0.063542
0 0.408135 0.203646 0.173913 0.061458