0 0.763675 0.883854 0.085554 0.063542
0 0.262272 0.482812 0.173913 0.063542
0 0.354839 0.258333 0.173913 0.062500
0 0.292426 0.370833 0.175316 0.062500
0 0.585554 0.131250 0.085554 0.129167
0 0.422861 0.692187 0.085554 0.130208
0 0.432679 0.389583 0.085554 0.062500
0 0.544180 0.636458 0.086957 0.129167
0 0.339411 0.582292 0.173913 0.062500
0 0.768583 0.447917 0.084151 0.131250
0 0.830295 0.169792 0.173913 0.062500
0 0.765778 0.605729 0.173913 0.063542
0 0.211080 0.816667 0.175316 0.064583
0 0.828191 0.740625 0.164095 0.062500