0 0.813464 0.292187 0.173913 0.063542
0 0.376578 0.569271 0.085554 0.130208
0 0.316269 0.438021 0.262272 0.063542
0 0.513324 0.831250 0.084151 0.062500
0 0.618513 0.321875 0.084151 0.062500
0 0.701964 0.143750 0.085554 0.129167
0 0.782609 0.405208 0.173913 0.062500
0 0.311360 0.366667 0.084151 0.062500
0 0.166900 0.702604 0.084151 0.130208
0 0.856942 0.184896 0.168303 0.061458
0 0.528050 0.277604 0.085554 0.130208
0 0.344320 0.706771 0.172511 0.065625
0 0.704769 0.693229 0.085554 0.130208
0 0.744741 0.558854 0.173913 0.065625
0 0.361851 0.138542 0.084151 0.129167