0 0.334502 0.256771 0.085554 0.063542
0 0.746143 0.423958 0.084151 0.062500
0 0.798738 0.500000 0.172511 0.062500
0 0.251052 0.903125 0.084151 0.062500
0 0.594670 0.354167 0.084151 0.062500
0 0.345021 0.132292 0.173913 0.062500
0 0.182328 0.254688 0.173913 0.063542
0 0.842917 0.109375 0.084151 0.064583
0 0.324684 0.587500 0.082749 0.062500
0 0.652875 0.193750 0.085554 0.129167
0 0.805750 0.911979 0.085554 0.063542
0 0.758065 0.836979 0.085554 0.063542
0 0.791024 0.669792 0.176718 0.062500
0 0.252454 0.366146 0.173913 0.063542