0 0.805750 0.604167 0.172511 0.062500
0 0.242637 0.390625 0.084151 0.062500
0 0.396914 0.590625 0.084151 0.129167
0 0.693548 0.408333 0.175316 0.064583
0 0.323282 0.761979 0.085554 0.130208
0 0.333100 0.128646 0.172511 0.061458
0 0.670407 0.811458 0.084151 0.062500
0 0.700561 0.503646 0.175316 0.063542
0 0.808555 0.215625 0.166900 0.062500
0 0.377279 0.308854 0.173913 0.063542
0 0.858345 0.913021 0.086957 0.130208
0 0.419355 0.873437 0.084151 0.063542
0 0.220196 0.536979 0.173913 0.063542
0 0.842216 0.416667 0.079944 0.062500
0 0.484572 0.691667 0.085554 0.062500