0 0.799439 0.259896 0.173913 0.063542
0 0.234222 0.836458 0.173913 0.062500
0 0.741935 0.915104 0.173913 0.063542
0 0.686536 0.148958 0.085554 0.129167
0 0.308555 0.158854 0.084151 0.130208
0 0.328892 0.582292 0.085554 0.062500
0 0.520337 0.627604 0.084151 0.063542
0 0.232118 0.458333 0.085554 0.129167
0 0.398317 0.364583 0.084151 0.062500
0 0.657784 0.791146 0.171108 0.061458
0 0.455820 0.274479 0.081346 0.059375
0 0.229313 0.771875 0.175316 0.064583
0 0.200561 0.235417 0.084151 0.062500
0 0.826087 0.609896 0.084151 0.130208