0 0.671108 0.367188 0.085554 0.130208
0 0.239832 0.591146 0.084151 0.130208
0 0.607994 0.195312 0.175316 0.063542
0 0.556101 0.490625 0.082749 0.060417
0 0.638850 0.731771 0.085554 0.063542
0 0.206872 0.350000 0.085554 0.129167
0 0.453015 0.475000 0.084151 0.062500
0 0.491585 0.267708 0.175316 0.064583
0 0.476858 0.577083 0.168303 0.060417
0 0.682328 0.891667 0.085554 0.062500
0 0.828892 0.840625 0.173913 0.062500
0 0.822581 0.513021 0.085554 0.063542
0 0.552595 0.902604 0.084151 0.130208
0 0.375877 0.868229 0.086957 0.130208