0 0.345722 0.485938 0.175316 0.063542
0 0.510519 0.290625 0.168303 0.062500
0 0.364656 0.595313 0.173913 0.063542
0 0.647265 0.683333 0.259467 0.062500
0 0.881487 0.475000 0.085554 0.131250
0 0.179523 0.108333 0.084151 0.062500
0 0.798036 0.245833 0.084151 0.062500
0 0.860449 0.821354 0.085554 0.130208
0 0.753156 0.863542 0.084151 0.131250
0 0.361150 0.874479 0.085554 0.130208
0 0.514727 0.816667 0.084151 0.127083
0 0.153576 0.479167 0.085554 0.131250
0 0.852735 0.628125 0.084151 0.129167
0 0.542076 0.473438 0.085554 0.130208