0 0.505610 0.454688 0.169705 0.061458
0 0.298036 0.361458 0.175316 0.131250
0 0.490182 0.209375 0.175316 0.062500
0 0.159187 0.138542 0.085554 0.129167
0 0.694250 0.253646 0.173913 0.063542
0 0.697756 0.794271 0.175316 0.130208
0 0.743338 0.489583 0.173913 0.064583
0 0.227209 0.913542 0.173913 0.062500
0 0.777700 0.153646 0.079944 0.059375
0 0.390603 0.141146 0.085554 0.063542
0 0.619215 0.642188 0.169705 0.126042
0 0.356942 0.888021 0.085554 0.130208
0 0.148668 0.508333 0.081346 0.060417
0 0.580645 0.928646 0.171108 0.061458
0 0.691445 0.333854 0.173913 0.063542