0 0.875877 0.265625 0.085554 0.129167
0 0.405330 0.563021 0.173913 0.063542
0 0.739832 0.798438 0.085554 0.130208
0 0.730014 0.457813 0.172511 0.065625
0 0.438289 0.765625 0.085554 0.129167
0 0.243338 0.914583 0.175316 0.062500
0 0.410940 0.364583 0.173913 0.062500
0 0.896213 0.834375 0.081346 0.060417
0 0.299439 0.667708 0.175316 0.064583
0 0.382188 0.226042 0.175316 0.062500
0 0.414446 0.121875 0.175316 0.062500
0 0.537868 0.558854 0.085554 0.130208
0 0.855540 0.566667 0.084151 0.062500
0 0.575035 0.833854 0.173913 0.130208
0 0.634642 0.191667 0.085554 0.129167