0 0.627630 0.203646 0.085554 0.063542
0 0.534362 0.321875 0.173913 0.064583
0 0.269986 0.559375 0.085554 0.131250
0 0.381487 0.488021 0.084151 0.063542
0 0.752454 0.339583 0.085554 0.129167
0 0.786115 0.507292 0.085554 0.131250
0 0.505610 0.701042 0.169705 0.193750
0 0.676017 0.561458 0.086957 0.131250
0 0.802945 0.156771 0.175316 0.063542
0 0.162693 0.583333 0.084151 0.062500
0 0.685133 0.710938 0.085554 0.063542
0 0.429874 0.116667 0.172511 0.062500
0 0.246844 0.146875 0.084151 0.062500
0 0.627630 0.914062 0.085554 0.130208
0 0.575035 0.417187 0.260870 0.126042