0 0.200561 0.284375 0.084151 0.131250
0 0.358345 0.433333 0.175316 0.062500
0 0.884993 0.894792 0.084151 0.131250
0 0.744741 0.421354 0.084151 0.130208
0 0.255961 0.768229 0.175316 0.063542
0 0.505610 0.794792 0.175316 0.062500
0 0.596073 0.352083 0.173913 0.062500
0 0.689341 0.750000 0.085554 0.062500
0 0.736325 0.937500 0.173913 0.062500
0 0.451613 0.902604 0.084151 0.063542
0 0.420757 0.358854 0.084151 0.063542
0 0.553296 0.572917 0.175316 0.064583
0 0.866059 0.355208 0.085554 0.131250
0 0.746844 0.521875 0.175316 0.062500
0 0.879383 0.715625 0.084151 0.062500