0 0.713885 0.702604 0.173913 0.063542
0 0.496494 0.535937 0.173913 0.063542
0 0.835203 0.532292 0.085554 0.131250
0 0.281206 0.217188 0.169705 0.061458
0 0.561010 0.804167 0.084151 0.131250
0 0.227910 0.395833 0.085554 0.062500
0 0.738429 0.339062 0.265077 0.063542
0 0.302945 0.496875 0.084151 0.129167
0 0.843619 0.804688 0.169705 0.059375
0 0.403927 0.859896 0.084151 0.130208
0 0.566620 0.691667 0.084151 0.062500
0 0.687938 0.483333 0.175316 0.062500
0 0.483170 0.168750 0.088359 0.066667
0 0.381487 0.147396 0.075736 0.057292