0 0.622020 0.135937 0.085554 0.128125
0 0.211080 0.122396 0.169705 0.061458
0 0.464236 0.748958 0.173913 0.062500
0 0.245442 0.502083 0.084151 0.131250
0 0.434783 0.661458 0.168303 0.062500
0 0.626928 0.736979 0.084151 0.130208
0 0.816971 0.802604 0.175316 0.063542
0 0.354137 0.250000 0.082749 0.062500
0 0.499299 0.403125 0.081346 0.129167
0 0.852735 0.561458 0.173913 0.062500
0 0.392707 0.889062 0.173913 0.063542
0 0.750351 0.922396 0.173913 0.063542
0 0.415147 0.319271 0.084151 0.063542
0 0.190743 0.644792 0.086957 0.131250
0 0.765077 0.318750 0.175316 0.062500