0 0.375877 0.609896 0.084151 0.063542
0 0.238429 0.389583 0.168303 0.060417
0 0.211781 0.549479 0.173913 0.063542
0 0.403226 0.832292 0.175316 0.062500
0 0.891304 0.829688 0.079944 0.059375
0 0.485273 0.927083 0.173913 0.062500
0 0.858345 0.561458 0.084151 0.062500
0 0.765077 0.674479 0.085554 0.128125
0 0.664095 0.840104 0.085554 0.063542
0 0.268583 0.851562 0.085554 0.130208
0 0.262973 0.286979 0.175316 0.063542
0 0.253857 0.655208 0.084151 0.129167
0 0.794530 0.900000 0.175316 0.064583
0 0.145863 0.097917 0.084151 0.062500