0 0.370968 0.262500 0.085554 0.062500
0 0.598177 0.164583 0.085554 0.062500
0 0.819776 0.391146 0.077139 0.057292
0 0.383590 0.766146 0.085554 0.130208
0 0.516830 0.758854 0.079944 0.059375
0 0.768583 0.585938 0.084151 0.063542
0 0.640252 0.554688 0.085554 0.130208
0 0.437588 0.432812 0.173913 0.063542
0 0.544180 0.925521 0.173913 0.063542
0 0.658485 0.755729 0.175316 0.063542
0 0.396914 0.582812 0.078541 0.121875
0 0.737728 0.467187 0.084151 0.063542
0 0.780505 0.158854 0.082749 0.063542
0 0.326087 0.182812 0.175316 0.063542