0 0.619916 0.822396 0.084151 0.130208
0 0.436886 0.348438 0.085554 0.063542
0 0.260168 0.566667 0.175316 0.064583
0 0.214586 0.241667 0.173913 0.064583
0 0.631837 0.314063 0.082749 0.063542
0 0.473352 0.628125 0.085554 0.062500
0 0.809257 0.131250 0.081346 0.129167
0 0.556802 0.511458 0.173913 0.062500
0 0.203366 0.425000 0.084151 0.062500
0 0.819074 0.786458 0.173913 0.062500
0 0.723001 0.607292 0.175316 0.062500
0 0.792426 0.322396 0.086957 0.130208
0 0.274194 0.134896 0.175316 0.063542
0 0.456522 0.157292 0.085554 0.131250