0 0.323282 0.700000 0.172511 0.062500
0 0.175316 0.866667 0.084151 0.064583
0 0.627630 0.599479 0.085554 0.130208
0 0.314165 0.590104 0.084151 0.130208
0 0.382889 0.934375 0.084151 0.064583
0 0.329593 0.349479 0.173913 0.063542
0 0.748948 0.386979 0.171108 0.128125
0 0.141655 0.131771 0.084151 0.063542
0 0.312763 0.828125 0.084151 0.129167
0 0.610799 0.832812 0.085554 0.130208
0 0.830996 0.842708 0.085554 0.129167
0 0.443198 0.243750 0.084151 0.131250
0 0.300140 0.479687 0.173913 0.063542
0 0.755259 0.130729 0.175316 0.063542
0 0.614306 0.222396 0.086957 0.130208