0 0.333801 0.444271 0.084151 0.063542
0 0.772791 0.377604 0.173913 0.063542
0 0.883590 0.150000 0.084151 0.062500
0 0.606592 0.839583 0.085554 0.064583
0 0.509116 0.465104 0.173913 0.063542
0 0.601683 0.098958 0.084151 0.062500
0 0.807153 0.278646 0.175316 0.063542
0 0.385694 0.248438 0.173913 0.063542
0 0.491585 0.791146 0.085554 0.063542
0 0.328191 0.543229 0.084151 0.063542
0 0.439691 0.357812 0.085554 0.063542
0 0.667602 0.288021 0.084151 0.063542
0 0.795231 0.767708 0.084151 0.062500
0 0.535764 0.568750 0.173913 0.062500