0 0.579243 0.854167 0.084151 0.062500
0 0.709677 0.172917 0.084151 0.062500
0 0.570827 0.927083 0.084151 0.062500
0 0.251052 0.900000 0.084151 0.062500
0 0.144460 0.698958 0.081346 0.060417
0 0.676017 0.504687 0.084151 0.063542
0 0.230014 0.814063 0.084151 0.063542
0 0.372370 0.792708 0.082749 0.131250
0 0.805750 0.331250 0.172511 0.127083
0 0.610098 0.575000 0.075736 0.056250
0 0.554698 0.735417 0.175316 0.062500
0 0.854839 0.487500 0.085554 0.129167
0 0.192847 0.547917 0.085554 0.062500
0 0.312062 0.155729 0.175316 0.063542