0 0.659888 0.618750 0.085554 0.129167
0 0.323983 0.748437 0.084151 0.063542
0 0.770687 0.546354 0.085554 0.063542
0 0.679523 0.488021 0.085554 0.063542
0 0.476858 0.911458 0.173913 0.062500
0 0.191445 0.546354 0.085554 0.063542
0 0.846424 0.770312 0.085554 0.063542
0 0.201964 0.381250 0.086957 0.129167
0 0.342216 0.325000 0.173913 0.062500
0 0.497896 0.429167 0.084151 0.064583
0 0.266480 0.133333 0.084151 0.064583
0 0.803647 0.259896 0.084151 0.130208
0 0.290323 0.651042 0.084151 0.062500
0 0.395512 0.846875 0.081346 0.060417
0 0.524544 0.167708 0.084151 0.129167