0 0.544180 0.557813 0.173913 0.063542
0 0.345722 0.428125 0.175316 0.062500
0 0.491585 0.136979 0.085554 0.130208
0 0.222300 0.552083 0.172511 0.064583
0 0.256662 0.845313 0.086957 0.130208
0 0.779102 0.148438 0.085554 0.063542
0 0.677419 0.398958 0.086957 0.131250
0 0.408836 0.322917 0.175316 0.062500
0 0.482468 0.621875 0.084151 0.062500
0 0.779804 0.288021 0.173913 0.063542
0 0.158485 0.232292 0.084151 0.129167
0 0.754558 0.814583 0.084151 0.062500
0 0.807854 0.602083 0.173913 0.062500
0 0.874474 0.418229 0.085554 0.130208