0 0.624123 0.256771 0.084151 0.063542
0 0.725806 0.367188 0.085554 0.063542
0 0.652174 0.685937 0.084151 0.130208
0 0.510519 0.898958 0.173913 0.064583
0 0.218093 0.498437 0.169705 0.059375
0 0.197756 0.317708 0.084151 0.062500
0 0.319776 0.267708 0.084151 0.062500
0 0.267882 0.559375 0.084151 0.062500
0 0.687237 0.930208 0.173913 0.062500
0 0.541374 0.143229 0.171108 0.057292
0 0.242637 0.643229 0.173913 0.063542
0 0.286115 0.185938 0.173913 0.063542
0 0.610799 0.489063 0.085554 0.130208
0 0.833801 0.377083 0.085554 0.062500
0 0.758065 0.815104 0.175316 0.063542