0 0.855540 0.431771 0.084151 0.130208
0 0.286816 0.542708 0.175316 0.062500
0 0.636045 0.692708 0.164095 0.056250
0 0.860449 0.683854 0.085554 0.063542
0 0.180926 0.615625 0.084151 0.062500
0 0.764376 0.513542 0.086957 0.131250
0 0.514727 0.770312 0.171108 0.059375
0 0.539972 0.562500 0.084151 0.062500
0 0.555400 0.457292 0.173913 0.062500
0 0.756662 0.679688 0.077139 0.057292
0 0.255961 0.872396 0.085554 0.130208
0 0.387097 0.426042 0.084151 0.131250
0 0.650771 0.228125 0.084151 0.131250
0 0.276999 0.291667 0.172511 0.062500