0 0.884993 0.180208 0.086957 0.131250
0 0.611501 0.171354 0.173913 0.063542
0 0.176718 0.101562 0.081346 0.061458
0 0.468443 0.718750 0.162693 0.056250
0 0.598177 0.557292 0.085554 0.129167
0 0.897616 0.844271 0.081346 0.061458
0 0.329593 0.297917 0.173913 0.064583
0 0.846424 0.300000 0.175316 0.062500
0 0.253156 0.553646 0.085554 0.128125
0 0.805049 0.725000 0.084151 0.062500
0 0.370266 0.510417 0.081346 0.060417
0 0.748948 0.507812 0.173913 0.063542
0 0.469846 0.850000 0.081346 0.060417
0 0.628331 0.098958 0.084151 0.062500
0 0.612903 0.697917 0.084151 0.062500