0 0.342917 0.508854 0.082749 0.128125
0 0.858345 0.486458 0.173913 0.062500
0 0.851332 0.665625 0.086957 0.131250
0 0.877279 0.339062 0.085554 0.130208
0 0.702665 0.754687 0.173913 0.063542
0 0.296634 0.831250 0.175316 0.062500
0 0.425666 0.118750 0.085554 0.062500
0 0.289621 0.265625 0.085554 0.129167
0 0.603086 0.594792 0.084151 0.062500
0 0.471950 0.577083 0.175316 0.062500
0 0.213184 0.584896 0.084151 0.063542
0 0.494390 0.890104 0.085554 0.130208
0 0.622721 0.416667 0.084151 0.062500
0 0.759467 0.204687 0.085554 0.130208