0 0.841515 0.647396 0.173913 0.063542
0 0.173913 0.618229 0.084151 0.063542
0 0.488079 0.594792 0.084151 0.131250
0 0.720898 0.880208 0.075736 0.056250
0 0.687938 0.776563 0.175316 0.063542
0 0.570827 0.703125 0.084151 0.062500
0 0.839411 0.141146 0.085554 0.063542
0 0.133941 0.873958 0.085554 0.064583
0 0.297335 0.730729 0.084151 0.130208
0 0.765077 0.528646 0.175316 0.063542
0 0.514025 0.331250 0.085554 0.062500
0 0.474053 0.465625 0.084151 0.064583
0 0.720898 0.246875 0.078541 0.058333
0 0.413745 0.938021 0.173913 0.063542