0 0.367461 0.629167 0.173913 0.062500
0 0.473352 0.762500 0.085554 0.064583
0 0.329593 0.763542 0.173913 0.062500
0 0.859748 0.350521 0.173913 0.130208
0 0.562412 0.672396 0.084151 0.130208
0 0.251753 0.400521 0.082749 0.061458
0 0.210379 0.233333 0.084151 0.062500
0 0.697756 0.723437 0.085554 0.061458
0 0.689341 0.369792 0.085554 0.129167
0 0.677419 0.467187 0.173913 0.063542
0 0.187938 0.634375 0.173913 0.064583
0 0.532959 0.920312 0.173913 0.063542
0 0.410940 0.201563 0.173913 0.063542
0 0.835203 0.186979 0.085554 0.128125
0 0.845021 0.777083 0.175316 0.062500