0 0.687237 0.635938 0.084151 0.063542
0 0.185133 0.202083 0.173913 0.064583
0 0.195652 0.522396 0.172511 0.061458
0 0.618513 0.916667 0.084151 0.062500
0 0.813464 0.869271 0.173913 0.063542
0 0.388499 0.661979 0.084151 0.063542
0 0.420757 0.432812 0.171108 0.128125
0 0.859748 0.429167 0.173913 0.062500
0 0.409537 0.130208 0.081346 0.062500
0 0.649369 0.355729 0.173913 0.130208
0 0.495091 0.231250 0.084151 0.129167
0 0.483871 0.936458 0.171108 0.062500
0 0.465638 0.792708 0.084151 0.062500
0 0.768583 0.116146 0.084151 0.063542