0 0.848527 0.561458 0.084151 0.129167
0 0.614306 0.608854 0.084151 0.130208
0 0.205470 0.606771 0.085554 0.130208
0 0.482468 0.817708 0.084151 0.129167
0 0.658485 0.409375 0.085554 0.131250
0 0.708275 0.100000 0.084151 0.062500
0 0.432679 0.273958 0.085554 0.129167
0 0.375175 0.098958 0.262272 0.060417
0 0.545582 0.947917 0.176718 0.062500
0 0.291024 0.798958 0.166900 0.127083
0 0.151473 0.305208 0.084151 0.129167
0 0.661290 0.264062 0.175316 0.063542
0 0.901823 0.360417 0.084151 0.131250
0 0.658485 0.738021 0.175316 0.063542