0 0.325386 0.480729 0.084151 0.061458
0 0.795231 0.738542 0.084151 0.127083
0 0.485975 0.484375 0.085554 0.129167
0 0.670407 0.884896 0.173913 0.063542
0 0.487377 0.320312 0.079944 0.059375
0 0.371669 0.556250 0.084151 0.062500
0 0.178121 0.377083 0.084151 0.129167
0 0.386396 0.279167 0.085554 0.064583
0 0.558906 0.148438 0.082749 0.061458
0 0.136746 0.789062 0.085554 0.063542
0 0.802945 0.601042 0.085554 0.062500
0 0.739130 0.466667 0.173913 0.062500
0 0.201262 0.534896 0.085554 0.130208
0 0.599579 0.253646 0.082749 0.061458