0 0.730014 0.247396 0.085554 0.063542
0 0.629032 0.839583 0.175316 0.064583
0 0.729313 0.515625 0.173913 0.064583
0 0.502805 0.286458 0.175316 0.062500
0 0.511921 0.141667 0.084151 0.129167
0 0.538569 0.743229 0.176718 0.061458
0 0.234222 0.857292 0.173913 0.062500
0 0.274194 0.494271 0.082749 0.063542
0 0.239832 0.673958 0.084151 0.127083
0 0.180926 0.383333 0.176718 0.064583
0 0.161290 0.256250 0.084151 0.062500
0 0.375877 0.179167 0.081346 0.060417
0 0.701262 0.132292 0.084151 0.064583
0 0.403927 0.462500 0.084151 0.129167