0 0.358345 0.574479 0.085554 0.130208
0 0.587658 0.510417 0.086957 0.062500
0 0.789621 0.835417 0.173913 0.062500
0 0.375175 0.204167 0.175316 0.062500
0 0.745442 0.467708 0.085554 0.131250
0 0.242637 0.455208 0.173913 0.064583
0 0.788219 0.921354 0.084151 0.063542
0 0.183029 0.623958 0.079944 0.062500
0 0.154979 0.208333 0.082749 0.062500
0 0.155680 0.869792 0.084151 0.131250
0 0.614306 0.765104 0.084151 0.063542
0 0.552595 0.916146 0.173913 0.063542
0 0.405330 0.913021 0.084151 0.063542
0 0.437588 0.736979 0.171108 0.128125
0 0.737728 0.653125 0.086957 0.129167