0 0.717391 0.572917 0.172511 0.062500
0 0.549790 0.398438 0.173913 0.063542
0 0.193548 0.458333 0.084151 0.129167
0 0.280505 0.916146 0.084151 0.063542
0 0.569425 0.627604 0.081346 0.059375
0 0.279804 0.408333 0.085554 0.131250
0 0.140252 0.855729 0.086957 0.130208
0 0.863254 0.904167 0.079944 0.062500
0 0.872370 0.623437 0.081346 0.128125
0 0.631136 0.212500 0.084151 0.129167
0 0.595372 0.841146 0.085554 0.063542
0 0.704769 0.810937 0.082749 0.190625
0 0.270687 0.727604 0.173913 0.063542
0 0.417251 0.616667 0.085554 0.129167