0 0.849229 0.394271 0.085554 0.063542
0 0.701262 0.605729 0.086957 0.130208
0 0.727910 0.166146 0.075736 0.057292
0 0.262272 0.898958 0.084151 0.062500
0 0.186536 0.327083 0.084151 0.064583
0 0.362553 0.468229 0.082749 0.126042
0 0.823282 0.836458 0.084151 0.064583
0 0.699860 0.238542 0.081346 0.062500
0 0.887097 0.190625 0.085554 0.195833
0 0.623422 0.495312 0.085554 0.063542
0 0.162693 0.121354 0.084151 0.061458
0 0.495091 0.411979 0.078541 0.059375
0 0.523142 0.175000 0.084151 0.062500
0 0.678822 0.821875 0.084151 0.062500