0 0.330996 0.758854 0.084151 0.063542
0 0.706872 0.722917 0.171108 0.064583
0 0.264376 0.370833 0.085554 0.064583
0 0.269285 0.501042 0.173913 0.062500
0 0.209677 0.642708 0.085554 0.131250
0 0.319776 0.939063 0.173913 0.063542
0 0.590463 0.188021 0.173913 0.063542
0 0.517532 0.345833 0.084151 0.062500
0 0.897616 0.234896 0.084151 0.063542
0 0.764376 0.559375 0.086957 0.129167
0 0.739130 0.397396 0.173913 0.063542
0 0.342917 0.107813 0.262272 0.063542
0 0.165498 0.382812 0.078541 0.121875
0 0.434783 0.730729 0.084151 0.130208