0 0.719495 0.612500 0.084151 0.131250
0 0.278401 0.205729 0.085554 0.063542
0 0.827489 0.260417 0.084151 0.129167
0 0.206171 0.340104 0.173913 0.063542
0 0.394811 0.488021 0.175316 0.063542
0 0.819776 0.835417 0.085554 0.064583
0 0.515428 0.227604 0.085554 0.063542
0 0.767882 0.459375 0.082749 0.062500
0 0.793829 0.756250 0.173913 0.062500
0 0.377980 0.318750 0.085554 0.062500
0 0.305750 0.408333 0.171108 0.062500
0 0.457223 0.605729 0.075736 0.121875
0 0.261571 0.526042 0.085554 0.062500
0 0.650070 0.875000 0.175316 0.062500
0 0.313464 0.881250 0.175316 0.062500