0 0.336606 0.267708 0.173913 0.062500
0 0.708275 0.885417 0.084151 0.062500
0 0.532258 0.474479 0.085554 0.130208
0 0.781206 0.178646 0.084151 0.128125
0 0.215989 0.594792 0.162693 0.056250
0 0.774194 0.362500 0.084151 0.062500
0 0.647265 0.135937 0.169705 0.061458
0 0.735624 0.516667 0.082749 0.131250
0 0.312763 0.525521 0.173913 0.063542
0 0.553296 0.938542 0.085554 0.062500
0 0.394109 0.601042 0.084151 0.062500
0 0.589762 0.345313 0.175316 0.063542
0 0.242637 0.798958 0.084151 0.129167
0 0.367461 0.819792 0.086957 0.129167
0 0.821178 0.595833 0.085554 0.062500