0 0.349930 0.514062 0.175316 0.063542
0 0.446003 0.273438 0.084151 0.130208
0 0.743338 0.480208 0.081346 0.060417
0 0.523142 0.892708 0.168303 0.062500
0 0.301543 0.215104 0.084151 0.063542
0 0.370968 0.852083 0.082749 0.062500
0 0.386396 0.708333 0.175316 0.062500
0 0.708976 0.212500 0.175316 0.064583
0 0.433380 0.133333 0.084151 0.131250
0 0.168303 0.585417 0.084151 0.129167
0 0.894109 0.250000 0.085554 0.129167
0 0.373773 0.416667 0.082749 0.131250
0 0.725806 0.623958 0.085554 0.064583
0 0.258766 0.622917 0.085554 0.062500
0 0.689341 0.707292 0.175316 0.062500