0 0.728612 0.538542 0.085554 0.129167
0 0.195652 0.120313 0.085554 0.063542
0 0.586255 0.718750 0.173913 0.062500
0 0.622721 0.862500 0.173913 0.062500
0 0.785414 0.832292 0.084151 0.062500
0 0.532959 0.247917 0.084151 0.131250
0 0.248247 0.928125 0.173913 0.064583
0 0.764376 0.214062 0.084151 0.063542
0 0.219495 0.346875 0.085554 0.062500
0 0.708976 0.408854 0.077139 0.057292
0 0.354137 0.599479 0.175316 0.063542
0 0.307854 0.838021 0.079944 0.059375
0 0.161290 0.243229 0.086957 0.130208
0 0.279102 0.433854 0.173913 0.063542