0 0.879383 0.664062 0.084151 0.130208
0 0.619916 0.457292 0.173913 0.062500
0 0.614306 0.370312 0.173913 0.063542
0 0.294530 0.761458 0.084151 0.062500
0 0.275596 0.866667 0.164095 0.056250
0 0.611501 0.222917 0.084151 0.064583
0 0.342216 0.517708 0.173913 0.064583
0 0.374474 0.334375 0.173913 0.062500
0 0.740533 0.577083 0.173913 0.062500
0 0.509116 0.121354 0.084151 0.063542
0 0.725105 0.891667 0.176718 0.064583
0 0.131136 0.843229 0.085554 0.063542
0 0.813464 0.221354 0.173913 0.063542
0 0.284712 0.101562 0.084151 0.063542
0 0.467041 0.265625 0.084151 0.062500