0 0.650771 0.850521 0.173913 0.063542
0 0.222300 0.683333 0.175316 0.064583
0 0.476858 0.573958 0.086957 0.131250
0 0.687237 0.713542 0.078541 0.058333
0 0.506311 0.761458 0.084151 0.062500
0 0.546283 0.361458 0.175316 0.062500
0 0.866760 0.780208 0.084151 0.062500
0 0.322581 0.277083 0.173913 0.129167
0 0.781206 0.467187 0.084151 0.130208
0 0.514727 0.210938 0.173913 0.063542
0 0.203366 0.761979 0.078541 0.059375
0 0.336606 0.373437 0.084151 0.063542
0 0.695652 0.128125 0.173913 0.064583
0 0.213885 0.498437 0.077139 0.057292
0 0.883590 0.308333 0.084151 0.062500