0 0.593969 0.702083 0.175316 0.064583
0 0.769986 0.216667 0.086957 0.129167
0 0.194951 0.638542 0.084151 0.062500
0 0.265077 0.913542 0.084151 0.062500
0 0.861150 0.522917 0.084151 0.062500
0 0.315568 0.253646 0.173913 0.063542
0 0.288920 0.352604 0.084151 0.063542
0 0.454418 0.605729 0.081346 0.130208
0 0.586957 0.893750 0.085554 0.131250
0 0.852735 0.823438 0.173913 0.063542
0 0.385694 0.182292 0.084151 0.062500
0 0.734923 0.375000 0.176718 0.064583
0 0.204067 0.411458 0.085554 0.129167
0 0.528752 0.377604 0.173913 0.063542
0 0.382188 0.831250 0.085554 0.129167