0 0.187237 0.118229 0.085554 0.063542
0 0.423562 0.275000 0.081346 0.062500
0 0.729313 0.551562 0.081346 0.121875
0 0.469144 0.193229 0.175316 0.063542
0 0.799439 0.694792 0.084151 0.062500
0 0.149369 0.639583 0.085554 0.064583
0 0.746844 0.370312 0.175316 0.063542
0 0.572230 0.869792 0.084151 0.129167
0 0.230715 0.513542 0.085554 0.062500
0 0.336606 0.623958 0.084151 0.062500
0 0.422160 0.100521 0.173913 0.063542
0 0.342216 0.877083 0.084151 0.062500
0 0.721599 0.221354 0.178121 0.130208
0 0.284712 0.239583 0.173913 0.064583