0 0.727209 0.228646 0.079944 0.059375
0 0.694250 0.117708 0.173913 0.062500
0 0.562412 0.279167 0.084151 0.064583
0 0.838008 0.521354 0.085554 0.130208
0 0.256662 0.158333 0.084151 0.062500
0 0.263675 0.831250 0.084151 0.062500
0 0.171809 0.692708 0.085554 0.131250
0 0.466339 0.727083 0.262272 0.060417
0 0.453717 0.463542 0.175316 0.062500
0 0.300842 0.438021 0.085554 0.063542
0 0.815568 0.943750 0.175316 0.062500
0 0.855540 0.679167 0.084151 0.131250
0 0.368163 0.541667 0.166900 0.060417
0 0.160589 0.492188 0.077139 0.057292
0 0.610799 0.831771 0.085554 0.130208