0 0.288920 0.485417 0.081346 0.060417
0 0.753156 0.607292 0.084151 0.064583
0 0.229313 0.132292 0.175316 0.062500
0 0.380084 0.544792 0.086957 0.129167
0 0.375877 0.312500 0.084151 0.131250
0 0.684432 0.443229 0.173913 0.063542
0 0.718093 0.881771 0.173913 0.063542
0 0.250351 0.778646 0.178121 0.130208
0 0.585554 0.577083 0.085554 0.129167
0 0.545582 0.440625 0.086957 0.131250
0 0.392707 0.946875 0.084151 0.062500
0 0.495091 0.159375 0.084151 0.129167
0 0.694250 0.202604 0.173913 0.063542
0 0.795933 0.276042 0.172511 0.064583