0 0.610799 0.905729 0.085554 0.063542
0 0.879383 0.922917 0.075736 0.056250
0 0.400421 0.729688 0.085554 0.130208
0 0.628331 0.710417 0.173913 0.062500
0 0.607994 0.184375 0.082749 0.062500
0 0.794530 0.486458 0.085554 0.064583
0 0.329593 0.154167 0.084151 0.062500
0 0.565919 0.591667 0.082749 0.062500
0 0.522440 0.121354 0.175316 0.063542
0 0.184432 0.421354 0.079944 0.059375
0 0.878682 0.339583 0.085554 0.131250
0 0.140252 0.829688 0.084151 0.063542
0 0.315568 0.589583 0.084151 0.062500
0 0.487377 0.312500 0.085554 0.131250