0 0.357644 0.783333 0.081346 0.129167
0 0.199158 0.650000 0.086957 0.062500
0 0.453015 0.220312 0.084151 0.130208
0 0.720196 0.880208 0.172511 0.064583
0 0.690042 0.679167 0.258065 0.129167
0 0.734923 0.573958 0.084151 0.062500
0 0.670407 0.378646 0.173913 0.063542
0 0.507714 0.607292 0.084151 0.129167
0 0.318373 0.236979 0.173913 0.063542
0 0.493689 0.398438 0.084151 0.130208
0 0.335203 0.517708 0.084151 0.064583
0 0.532959 0.811458 0.173913 0.064583
0 0.211781 0.856771 0.084151 0.061458
0 0.159888 0.471354 0.084151 0.063542