0 0.150771 0.326562 0.079944 0.059375
0 0.194250 0.841146 0.085554 0.130208
0 0.617111 0.680729 0.084151 0.063542
0 0.246844 0.664062 0.084151 0.130208
0 0.300140 0.513021 0.084151 0.128125
0 0.867461 0.503646 0.085554 0.130208
0 0.468443 0.463021 0.084151 0.063542
0 0.134642 0.555729 0.084151 0.063542
0 0.854137 0.667708 0.168303 0.062500
0 0.650771 0.132292 0.173913 0.062500
0 0.701262 0.896354 0.173913 0.063542
0 0.525947 0.749479 0.084151 0.063542
0 0.490884 0.921875 0.084151 0.062500
0 0.474053 0.602604 0.084151 0.130208
0 0.842917 0.304167 0.168303 0.060417