0 0.655680 0.257292 0.172511 0.062500
0 0.175316 0.465625 0.168303 0.062500
0 0.655680 0.179688 0.077139 0.057292
0 0.656381 0.823958 0.084151 0.131250
0 0.508415 0.103125 0.172511 0.064583
0 0.489481 0.472917 0.081346 0.058333
0 0.402525 0.376042 0.086957 0.129167
0 0.621318 0.385937 0.171108 0.061458
0 0.864656 0.248958 0.085554 0.062500
0 0.669705 0.510938 0.172511 0.061458
0 0.869565 0.631250 0.081346 0.129167
0 0.657784 0.622396 0.173913 0.063542
0 0.424965 0.215104 0.081346 0.061458
0 0.507714 0.802604 0.084151 0.130208
0 0.146564 0.249479 0.085554 0.063542