0 0.358345 0.366667 0.085554 0.129167
0 0.786816 0.480729 0.173913 0.063542
0 0.894811 0.666667 0.084151 0.131250
0 0.242637 0.703646 0.084151 0.130208
0 0.730715 0.397917 0.084151 0.062500
0 0.873773 0.836458 0.084151 0.062500
0 0.228612 0.283333 0.173913 0.062500
0 0.471248 0.397396 0.084151 0.063542
0 0.674614 0.133333 0.084151 0.062500
0 0.427069 0.738542 0.175316 0.062500
0 0.423562 0.904167 0.084151 0.062500
0 0.847125 0.141667 0.084151 0.062500
0 0.690743 0.250521 0.079944 0.059375
0 0.507714 0.250000 0.173913 0.064583