0 0.465638 0.171875 0.173913 0.064583
0 0.559607 0.896875 0.084151 0.129167
0 0.852034 0.163021 0.175316 0.063542
0 0.378682 0.628646 0.173913 0.063542
0 0.657784 0.537500 0.173913 0.062500
0 0.239832 0.776563 0.084151 0.130208
0 0.589060 0.668229 0.084151 0.063542
0 0.229313 0.108854 0.175316 0.063542
0 0.699860 0.873958 0.081346 0.125000
0 0.346424 0.943750 0.084151 0.064583
0 0.394109 0.306250 0.084151 0.131250
0 0.834502 0.889583 0.084151 0.062500
0 0.853436 0.714583 0.082749 0.062500
0 0.431978 0.817187 0.084151 0.130208
0 0.818373 0.297396 0.079944 0.126042