0 0.304348 0.260417 0.084151 0.129167
0 0.832398 0.643750 0.175316 0.131250
0 0.544180 0.310417 0.084151 0.131250
0 0.690743 0.181771 0.085554 0.063542
0 0.334502 0.570312 0.085554 0.063542
0 0.575736 0.161458 0.085554 0.131250
0 0.555400 0.478125 0.084151 0.062500
0 0.774194 0.307812 0.173913 0.130208
0 0.882188 0.821875 0.084151 0.062500
0 0.602384 0.664583 0.085554 0.129167
0 0.443899 0.823438 0.085554 0.130208
0 0.791725 0.128646 0.085554 0.063542
0 0.469144 0.498437 0.085554 0.130208
0 0.779804 0.825000 0.084151 0.062500