0 0.615708 0.462500 0.171108 0.193750
0 0.140252 0.926562 0.081346 0.061458
0 0.802244 0.238542 0.084151 0.062500
0 0.163394 0.601042 0.085554 0.131250
0 0.891304 0.361979 0.079944 0.059375
0 0.628331 0.807292 0.084151 0.062500
0 0.411641 0.668229 0.175316 0.063542
0 0.558906 0.151042 0.077139 0.056250
0 0.384292 0.238021 0.084151 0.063542
0 0.361851 0.570312 0.084151 0.063542
0 0.825386 0.500000 0.085554 0.062500
0 0.138149 0.268229 0.085554 0.130208
0 0.267181 0.688021 0.082749 0.063542
0 0.802945 0.614062 0.175316 0.063542
0 0.405330 0.905729 0.084151 0.130208