0 0.636045 0.561458 0.085554 0.129167
0 0.193548 0.261458 0.084151 0.131250
0 0.755961 0.580729 0.086957 0.130208
0 0.535764 0.457813 0.173913 0.063542
0 0.327489 0.457813 0.085554 0.130208
0 0.720196 0.452083 0.164095 0.056250
0 0.439691 0.783333 0.085554 0.129167
0 0.430575 0.173958 0.084151 0.129167
0 0.802945 0.749479 0.175316 0.063542
0 0.584151 0.697396 0.172511 0.063542
0 0.673913 0.910937 0.085554 0.130208
0 0.190743 0.360417 0.173913 0.062500
0 0.699860 0.216146 0.084151 0.063542
0 0.269285 0.886458 0.173913 0.064583