0 0.771388 0.587500 0.173913 0.062500
0 0.725105 0.306250 0.084151 0.062500
0 0.826087 0.139583 0.173913 0.062500
0 0.564516 0.165625 0.175316 0.064583
0 0.786816 0.509896 0.173913 0.063542
0 0.227209 0.706250 0.084151 0.062500
0 0.716690 0.371354 0.173913 0.063542
0 0.186536 0.595313 0.084151 0.063542
0 0.720196 0.750521 0.262272 0.063542
0 0.902525 0.895833 0.085554 0.062500
0 0.467041 0.369792 0.173913 0.062500
0 0.219495 0.222917 0.079944 0.060417
0 0.566620 0.470833 0.173913 0.062500
0 0.282609 0.496354 0.085554 0.130208
0 0.363955 0.809375 0.175316 0.062500