0 0.274895 0.308333 0.173913 0.062500
0 0.604488 0.155729 0.084151 0.130208
0 0.757363 0.315625 0.084151 0.129167
0 0.509116 0.426042 0.171108 0.060417
0 0.706872 0.932813 0.173913 0.063542
0 0.435484 0.601042 0.164095 0.062500
0 0.206872 0.672396 0.085554 0.130208
0 0.892707 0.312500 0.085554 0.064583
0 0.694951 0.168229 0.085554 0.130208
0 0.509116 0.199479 0.084151 0.063542
0 0.446003 0.890625 0.084151 0.129167
0 0.391304 0.752604 0.171108 0.128125
0 0.291725 0.892708 0.086957 0.129167
0 0.715288 0.787500 0.173913 0.062500
0 0.679523 0.631771 0.169705 0.059375