0 0.622721 0.908854 0.173913 0.063542
0 0.574334 0.381771 0.085554 0.063542
0 0.306452 0.102083 0.082749 0.060417
0 0.861851 0.668229 0.085554 0.063542
0 0.420757 0.423958 0.081346 0.062500
0 0.718093 0.382292 0.168303 0.060417
0 0.355540 0.258333 0.175316 0.062500
0 0.274194 0.381771 0.175316 0.063542
0 0.561711 0.229167 0.085554 0.131250
0 0.536466 0.810937 0.169705 0.061458
0 0.402525 0.183854 0.084151 0.063542
0 0.214586 0.739583 0.173913 0.062500
0 0.225105 0.529167 0.085554 0.129167
0 0.760870 0.170833 0.085554 0.064583
0 0.474053 0.884375 0.084151 0.062500