0 0.144460 0.605208 0.084151 0.127083
0 0.402525 0.622396 0.084151 0.061458
0 0.298738 0.157812 0.173913 0.063542
0 0.349229 0.775000 0.173913 0.064583
0 0.740533 0.448437 0.173913 0.130208
0 0.143759 0.400000 0.085554 0.064583
0 0.565217 0.151042 0.084151 0.129167
0 0.276297 0.265625 0.081346 0.062500
0 0.238429 0.636458 0.084151 0.193750
0 0.859748 0.549479 0.173913 0.063542
0 0.574334 0.309375 0.082749 0.062500
0 0.704067 0.204167 0.084151 0.129167
0 0.523142 0.456250 0.084151 0.062500
0 0.472651 0.184375 0.084151 0.062500
0 0.554698 0.560417 0.175316 0.062500