0 0.673212 0.849479 0.078541 0.121875
0 0.833801 0.700000 0.085554 0.129167
0 0.525947 0.310417 0.173913 0.064583
0 0.369565 0.642188 0.172511 0.063542
0 0.207574 0.722917 0.081346 0.122917
0 0.591164 0.221354 0.085554 0.063542
0 0.616410 0.527604 0.175316 0.063542
0 0.795231 0.535417 0.173913 0.062500
0 0.786115 0.797396 0.079944 0.059375
0 0.274194 0.872917 0.085554 0.131250
0 0.162693 0.278646 0.081346 0.128125
0 0.312763 0.197917 0.173913 0.064583
0 0.416550 0.908333 0.081346 0.062500
0 0.683029 0.694792 0.084151 0.064583
0 0.507714 0.120313 0.173913 0.063542