0 0.774194 0.493229 0.173913 0.063542
0 0.235624 0.578125 0.084151 0.129167
0 0.611501 0.808854 0.084151 0.130208
0 0.263675 0.939583 0.084151 0.062500
0 0.760168 0.252083 0.084151 0.064583
0 0.684432 0.393229 0.081346 0.121875
0 0.350631 0.178646 0.084151 0.063542
0 0.487377 0.154167 0.175316 0.064583
0 0.263675 0.420833 0.084151 0.062500
0 0.378682 0.817708 0.084151 0.064583
0 0.309958 0.743750 0.084151 0.062500
0 0.537167 0.448958 0.084151 0.062500
0 0.713184 0.850521 0.085554 0.063542
0 0.151473 0.486458 0.084151 0.131250
0 0.453015 0.648958 0.084151 0.062500