0 0.859046 0.338021 0.085554 0.063542
0 0.699860 0.485938 0.084151 0.063542
0 0.905330 0.132292 0.085554 0.129167
0 0.711080 0.889062 0.173913 0.063542
0 0.659888 0.771354 0.175316 0.063542
0 0.692847 0.198958 0.173913 0.062500
0 0.276297 0.336458 0.084151 0.062500
0 0.364656 0.275000 0.084151 0.062500
0 0.349229 0.171354 0.084151 0.130208
0 0.169705 0.278646 0.084151 0.130208
0 0.158485 0.885938 0.081346 0.128125
0 0.652174 0.123438 0.084151 0.063542
0 0.800842 0.705208 0.171108 0.062500
0 0.840112 0.503125 0.173913 0.062500