0 0.366059 0.773958 0.084151 0.129167
0 0.253156 0.392188 0.082749 0.128125
0 0.437588 0.133854 0.260870 0.126042
0 0.694951 0.206250 0.085554 0.129167
0 0.545582 0.526563 0.173913 0.063542
0 0.159187 0.511979 0.085554 0.130208
0 0.698457 0.757292 0.084151 0.129167
0 0.829593 0.573958 0.175316 0.062500
0 0.356241 0.492188 0.173913 0.063542
0 0.882188 0.309375 0.084151 0.131250
0 0.744039 0.882292 0.079944 0.062500
0 0.524544 0.331771 0.078541 0.059375
0 0.549088 0.816667 0.172511 0.062500
0 0.230014 0.261979 0.081346 0.061458
0 0.765778 0.384375 0.084151 0.062500