0 0.438289 0.500521 0.079944 0.061458
0 0.197055 0.222917 0.085554 0.064583
0 0.805049 0.914583 0.084151 0.062500
0 0.175316 0.315104 0.173913 0.063542
0 0.268583 0.681250 0.175316 0.062500
0 0.206171 0.811458 0.173913 0.062500
0 0.482468 0.254688 0.075736 0.057292
0 0.639551 0.311458 0.084151 0.064583
0 0.460729 0.172396 0.175316 0.063542
0 0.541374 0.382292 0.084151 0.064583
0 0.304348 0.597917 0.084151 0.062500
0 0.730715 0.458333 0.084151 0.064583
0 0.227209 0.430208 0.173913 0.064583
0 0.302945 0.163542 0.084151 0.062500