0 0.697055 0.298958 0.173913 0.064583
0 0.153576 0.270833 0.082749 0.060417
0 0.180926 0.871354 0.084151 0.130208
0 0.194951 0.475000 0.173913 0.064583
0 0.744741 0.765625 0.084151 0.062500
0 0.619916 0.574479 0.084151 0.063542
0 0.366760 0.806771 0.085554 0.063542
0 0.420757 0.702083 0.084151 0.129167
0 0.701262 0.147917 0.173913 0.064583
0 0.239832 0.711458 0.084151 0.129167
0 0.764376 0.554688 0.173913 0.063542
0 0.518934 0.192188 0.084151 0.128125
0 0.603787 0.669792 0.077139 0.056250
0 0.434081 0.891146 0.175316 0.063542
0 0.475456 0.506771 0.081346 0.128125