0 0.596073 0.764583 0.084151 0.062500
0 0.389201 0.432812 0.082749 0.194792
0 0.669004 0.478646 0.173913 0.063542
0 0.192146 0.631771 0.084151 0.063542
0 0.504909 0.706250 0.084151 0.129167
0 0.810659 0.770833 0.266480 0.062500
0 0.201964 0.456771 0.084151 0.130208
0 0.185133 0.285417 0.084151 0.129167
0 0.178121 0.704688 0.081346 0.061458
0 0.572230 0.182292 0.086957 0.131250
0 0.318373 0.207813 0.081346 0.061458
0 0.831697 0.096875 0.173913 0.062500
0 0.746844 0.919271 0.175316 0.063542
0 0.575736 0.593229 0.262272 0.063542