0 0.335905 0.937500 0.175316 0.062500
0 0.807854 0.206771 0.084151 0.130208
0 0.214586 0.405208 0.081346 0.129167
0 0.565217 0.746875 0.084151 0.129167
0 0.215288 0.657813 0.085554 0.130208
0 0.267181 0.796354 0.082749 0.061458
0 0.736325 0.400521 0.084151 0.130208
0 0.739130 0.673438 0.084151 0.063542
0 0.861150 0.752604 0.173913 0.063542
0 0.847125 0.483854 0.084151 0.128125
0 0.228612 0.864062 0.173913 0.063542
0 0.858345 0.871875 0.084151 0.131250
0 0.420056 0.323437 0.175316 0.063542
0 0.698457 0.907813 0.173913 0.063542