0 0.233520 0.204167 0.085554 0.129167
0 0.758766 0.248958 0.084151 0.062500
0 0.252454 0.790104 0.084151 0.063542
0 0.457924 0.608854 0.085554 0.063542
0 0.749649 0.902083 0.085554 0.129167
0 0.232819 0.505208 0.084151 0.062500
0 0.844320 0.186979 0.084151 0.130208
0 0.347125 0.284375 0.085554 0.129167
0 0.550491 0.181250 0.085554 0.062500
0 0.898317 0.350521 0.085554 0.130208
0 0.184432 0.683333 0.175316 0.064583
0 0.453015 0.807292 0.081346 0.125000
0 0.603787 0.360938 0.085554 0.063542
0 0.870266 0.761979 0.082749 0.126042