0 0.496494 0.828125 0.084151 0.062500
0 0.643058 0.442708 0.085554 0.131250
0 0.243338 0.538542 0.085554 0.131250
0 0.525947 0.540625 0.084151 0.127083
0 0.189341 0.097396 0.081346 0.061458
0 0.673913 0.820833 0.175316 0.064583
0 0.367461 0.714583 0.084151 0.129167
0 0.606592 0.311458 0.085554 0.064583
0 0.281907 0.258333 0.173913 0.062500
0 0.156381 0.540625 0.085554 0.129167
0 0.840112 0.943750 0.173913 0.062500
0 0.821879 0.639062 0.171108 0.128125
0 0.776999 0.455729 0.081346 0.128125
0 0.520337 0.275000 0.084151 0.131250