0 0.377279 0.265625 0.173913 0.064583
0 0.791024 0.617708 0.084151 0.131250
0 0.704067 0.134375 0.173913 0.064583
0 0.659187 0.288542 0.084151 0.129167
0 0.443198 0.358854 0.173913 0.063542
0 0.778401 0.788542 0.171108 0.193750
0 0.310659 0.655208 0.175316 0.062500
0 0.595372 0.425521 0.088359 0.063542
0 0.504909 0.765625 0.173913 0.062500
0 0.610098 0.875000 0.081346 0.129167
0 0.305049 0.945312 0.085554 0.063542
0 0.533661 0.278646 0.085554 0.063542
0 0.358345 0.141146 0.175316 0.063542
0 0.380084 0.492708 0.081346 0.060417
0 0.644460 0.636458 0.175316 0.062500