0 0.196353 0.366146 0.173913 0.063542
0 0.408836 0.305729 0.085554 0.130208
0 0.730014 0.907292 0.085554 0.129167
0 0.667602 0.784896 0.173913 0.063542
0 0.563114 0.228646 0.085554 0.063542
0 0.738429 0.105729 0.175316 0.063542
0 0.766480 0.378125 0.175316 0.062500
0 0.725105 0.239063 0.173913 0.063542
0 0.150070 0.132292 0.084151 0.062500
0 0.570827 0.509896 0.173913 0.063542
0 0.502104 0.730208 0.084151 0.131250
0 0.223001 0.786979 0.173913 0.130208
0 0.376578 0.520312 0.172511 0.063542
0 0.373072 0.878646 0.084151 0.130208
0 0.229313 0.583854 0.082749 0.063542