0 0.401122 0.758854 0.173913 0.063542
0 0.190743 0.154167 0.084151 0.064583
0 0.610098 0.666146 0.084151 0.130208
0 0.273492 0.911458 0.084151 0.062500
0 0.403927 0.546875 0.081346 0.062500
0 0.654979 0.211458 0.084151 0.131250
0 0.722300 0.408854 0.173913 0.063542
0 0.704067 0.751042 0.084151 0.131250
0 0.215989 0.441667 0.173913 0.064583
0 0.251753 0.668750 0.082749 0.062500
0 0.455820 0.642708 0.084151 0.129167
0 0.471248 0.472917 0.173913 0.062500
0 0.357644 0.193750 0.173913 0.062500
0 0.645863 0.322396 0.172511 0.063542
0 0.524544 0.136458 0.084151 0.062500