0 0.828892 0.334896 0.173913 0.063542
0 0.460028 0.580729 0.084151 0.130208
0 0.466339 0.804167 0.172511 0.062500
0 0.178121 0.293750 0.173913 0.064583
0 0.450912 0.454688 0.085554 0.063542
0 0.340813 0.872917 0.084151 0.062500
0 0.262973 0.660937 0.085554 0.130208
0 0.627630 0.709375 0.175316 0.064583
0 0.323282 0.242708 0.085554 0.129167
0 0.585554 0.171875 0.172511 0.064583
0 0.781907 0.221354 0.085554 0.130208
0 0.155680 0.471875 0.084151 0.062500
0 0.876578 0.189062 0.081346 0.061458
0 0.683029 0.451562 0.173913 0.063542