0 0.831697 0.190104 0.084151 0.130208
0 0.371669 0.248958 0.084151 0.131250
0 0.250351 0.534896 0.172511 0.061458
0 0.691445 0.559375 0.086957 0.129167
0 0.190042 0.266146 0.079944 0.059375
0 0.761571 0.671354 0.173913 0.063542
0 0.391304 0.656250 0.084151 0.062500
0 0.359748 0.753125 0.175316 0.064583
0 0.857644 0.776042 0.085554 0.129167
0 0.753156 0.797396 0.084151 0.063542
0 0.265077 0.891146 0.084151 0.130208
0 0.521038 0.686458 0.175316 0.064583
0 0.845722 0.486979 0.173913 0.063542
0 0.676017 0.297396 0.173913 0.063542
0 0.568724 0.432812 0.085554 0.128125